raw_umber_1_4.17.25	750.0	   0.3130	   0.2398	   0.7630	   0.7602	   0.0000	   0.3438	   0.8985	 +
raw_umber_1_4.17.25	748.0	   0.3130	   0.2398	   0.7630	   0.7602	   0.0000	   0.3438	   0.8985	 +
raw_umber_1_4.17.25	746.0	   0.3120	   0.2398	   0.7630	   0.7602	   0.0000	   0.3438	   0.8985	 +
raw_umber_1_4.17.25	744.0	   0.3120	   0.2407	   0.7620	   0.7593	   0.0000	   0.3458	   0.8985	 +
raw_umber_1_4.17.25	742.0	   0.3110	   0.2407	   0.7620	   0.7593	   0.0000	   0.3458	   0.8985	 +
raw_umber_1_4.17.25	740.0	   0.3100	   0.2400	   0.7610	   0.7600	   0.0000	   0.3440	   0.8995	 +
raw_umber_1_4.17.25	738.0	   0.3100	   0.2405	   0.7600	   0.7595	   0.0000	   0.3452	   0.9005	 +
raw_umber_1_4.17.25	736.0	   0.3110	   0.2405	   0.7600	   0.7595	   0.0000	   0.3452	   0.9005	 +
raw_umber_1_4.17.25	734.0	   0.3120	   0.2400	   0.7610	   0.7600	   0.0000	   0.3440	   0.8995	 +
raw_umber_1_4.17.25	732.0	   0.3130	   0.2405	   0.7600	   0.7595	   0.0000	   0.3452	   0.9005	 +
raw_umber_1_4.17.25	730.0	   0.3130	   0.2405	   0.7600	   0.7595	   0.0000	   0.3452	   0.9005	 +
raw_umber_1_4.17.25	728.0	   0.3130	   0.2405	   0.7600	   0.7595	   0.0000	   0.3452	   0.9005	 +
raw_umber_1_4.17.25	726.0	   0.3130	   0.2405	   0.7600	   0.7595	   0.0000	   0.3452	   0.9005	 +
raw_umber_1_4.17.25	724.0	   0.3130	   0.2405	   0.7600	   0.7595	   0.0000	   0.3452	   0.9005	 +
raw_umber_1_4.17.25	722.0	   0.3120	   0.2400	   0.7610	   0.7600	   0.0000	   0.3440	   0.8995	 +
raw_umber_1_4.17.25	720.0	   0.3120	   0.2416	   0.7590	   0.7584	   0.0000	   0.3476	   0.8996	 +
raw_umber_1_4.17.25	718.0	   0.3130	   0.2424	   0.7580	   0.7576	   0.0000	   0.3494	   0.8998	 +
raw_umber_1_4.17.25	716.0	   0.3130	   0.2442	   0.7570	   0.7558	   0.0000	   0.3535	   0.8996	 +
raw_umber_1_4.17.25	714.0	   0.3130	   0.2442	   0.7570	   0.7558	   0.0000	   0.3535	   0.8996	 +
raw_umber_1_4.17.25	712.0	   0.3120	   0.2447	   0.7560	   0.7553	   0.0000	   0.3544	   0.9003	 +
raw_umber_1_4.17.25	710.0	   0.3130	   0.2452	   0.7550	   0.7548	   0.0000	   0.3555	   0.9001	 +
raw_umber_1_4.17.25	708.0	   0.3130	   0.2452	   0.7550	   0.7548	   0.0000	   0.3555	   0.9001	 +
raw_umber_1_4.17.25	706.0	   0.3130	   0.2447	   0.7560	   0.7553	   0.0000	   0.3544	   0.9003	 +
raw_umber_1_4.17.25	704.0	   0.3130	   0.2442	   0.7570	   0.7558	   0.0000	   0.3535	   0.8996	 +
raw_umber_1_4.17.25	702.0	   0.3120	   0.2424	   0.7580	   0.7576	   0.0000	   0.3494	   0.8998	 +
raw_umber_1_4.17.25	700.0	   0.3130	   0.2442	   0.7570	   0.7558	   0.0000	   0.3535	   0.8996	 +
raw_umber_1_4.17.25	698.0	   0.3130	   0.2447	   0.7560	   0.7553	   0.0000	   0.3544	   0.9003	 +
raw_umber_1_4.17.25	696.0	   0.3130	   0.2469	   0.7540	   0.7531	   0.0000	   0.3595	   0.8997	 +
raw_umber_1_4.17.25	694.0	   0.3130	   0.2469	   0.7540	   0.7531	   0.0000	   0.3595	   0.8997	 +
raw_umber_1_4.17.25	692.0	   0.3130	   0.2481	   0.7520	   0.7519	   0.0000	   0.3621	   0.9000	 +
raw_umber_1_4.17.25	690.0	   0.3130	   0.2481	   0.7520	   0.7519	   0.0000	   0.3621	   0.9000	 +
raw_umber_1_4.17.25	688.0	   0.3130	   0.2494	   0.7510	   0.7506	   0.0000	   0.3649	   0.9001	 +
raw_umber_1_4.17.25	686.0	   0.3130	   0.2508	   0.7500	   0.7492	   0.0000	   0.3683	   0.8998	 +
raw_umber_1_4.17.25	684.0	   0.3120	   0.2508	   0.7500	   0.7492	   0.0000	   0.3683	   0.8998	 +
raw_umber_1_4.17.25	682.0	   0.3120	   0.2508	   0.7500	   0.7492	   0.0000	   0.3683	   0.8998	 +
raw_umber_1_4.17.25	680.0	   0.3120	   0.2511	   0.7490	   0.7489	   0.0000	   0.3688	   0.9007	 +
raw_umber_1_4.17.25	678.0	   0.3120	   0.2511	   0.7490	   0.7489	   0.0000	   0.3688	   0.9007	 +
raw_umber_1_4.17.25	676.0	   0.3120	   0.2511	   0.7490	   0.7489	   0.0000	   0.3688	   0.9007	 +
raw_umber_1_4.17.25	674.0	   0.3120	   0.2511	   0.7490	   0.7489	   0.0000	   0.3688	   0.9007	 +
raw_umber_1_4.17.25	672.0	   0.3120	   0.2508	   0.7500	   0.7492	   0.0000	   0.3683	   0.8998	 +
raw_umber_1_4.17.25	670.0	   0.3120	   0.2511	   0.7490	   0.7489	   0.0000	   0.3688	   0.9007	 +
raw_umber_1_4.17.25	668.0	   0.3120	   0.2527	   0.7480	   0.7473	   0.0000	   0.3726	   0.8997	 +
raw_umber_1_4.17.25	666.0	   0.3120	   0.2539	   0.7470	   0.7461	   0.0000	   0.3753	   0.8996	 +
raw_umber_1_4.17.25	664.0	   0.3130	   0.2547	   0.7460	   0.7453	   0.0000	   0.3772	   0.8998	 +
raw_umber_1_4.17.25	662.0	   0.3130	   0.2547	   0.7460	   0.7453	   0.0000	   0.3772	   0.8998	 +
raw_umber_1_4.17.25	660.0	   0.3130	   0.2563	   0.7450	   0.7437	   0.0000	   0.3810	   0.8994	 +
raw_umber_1_4.17.25	658.0	   0.3130	   0.2563	   0.7450	   0.7437	   0.0000	   0.3810	   0.8994	 +
raw_umber_1_4.17.25	656.0	   0.3120	   0.2563	   0.7450	   0.7437	   0.0000	   0.3810	   0.8994	 +
raw_umber_1_4.17.25	654.0	   0.3120	   0.2578	   0.7440	   0.7422	   0.0000	   0.3845	   0.8990	 +
raw_umber_1_4.17.25	652.0	   0.3130	   0.2582	   0.7430	   0.7418	   0.0000	   0.3854	   0.8996	 +
raw_umber_1_4.17.25	650.0	   0.3130	   0.2583	   0.7420	   0.7417	   0.0000	   0.3856	   0.8999	 +
raw_umber_1_4.17.25	648.0	   0.3120	   0.2594	   0.7410	   0.7406	   0.0000	   0.3880	   0.9008	 +
raw_umber_1_4.17.25	646.0	   0.3130	   0.2601	   0.7400	   0.7399	   0.0000	   0.3897	   0.9001	 +
raw_umber_1_4.17.25	644.0	   0.3120	   0.2606	   0.7400	   0.7394	   0.0000	   0.3911	   0.8997	 +
raw_umber_1_4.17.25	642.0	   0.3130	   0.2601	   0.7400	   0.7399	   0.0000	   0.3897	   0.9001	 +
raw_umber_1_4.17.25	640.0	   0.3130	   0.2612	   0.7390	   0.7388	   0.0000	   0.3925	   0.8999	 +
raw_umber_1_4.17.25	638.0	   0.3130	   0.2612	   0.7390	   0.7388	   0.0000	   0.3925	   0.8999	 +
raw_umber_1_4.17.25	636.0	   0.3130	   0.2612	   0.7390	   0.7388	   0.0000	   0.3925	   0.8999	 +
raw_umber_1_4.17.25	634.0	   0.3130	   0.2612	   0.7390	   0.7388	   0.0000	   0.3925	   0.8999	 +
raw_umber_1_4.17.25	632.0	   0.3130	   0.2626	   0.7380	   0.7374	   0.0000	   0.3956	   0.9000	 +
raw_umber_1_4.17.25	630.0	   0.3130	   0.2626	   0.7380	   0.7374	   0.0000	   0.3956	   0.9000	 +
raw_umber_1_4.17.25	628.0	   0.3120	   0.2626	   0.7380	   0.7374	   0.0000	   0.3956	   0.9000	 +
raw_umber_1_4.17.25	626.0	   0.3120	   0.2626	   0.7380	   0.7374	   0.0000	   0.3956	   0.9000	 +
raw_umber_1_4.17.25	624.0	   0.3120	   0.2626	   0.7380	   0.7374	   0.0000	   0.3956	   0.9000	 +
raw_umber_1_4.17.25	622.0	   0.3120	   0.2652	   0.7370	   0.7348	   0.0000	   0.4020	   0.8989	 +
raw_umber_1_4.17.25	620.0	   0.3120	   0.2660	   0.7360	   0.7340	   0.0000	   0.4040	   0.8994	 +
raw_umber_1_4.17.25	618.0	   0.3120	   0.2669	   0.7340	   0.7331	   0.0000	   0.4062	   0.8996	 +
raw_umber_1_4.17.25	616.0	   0.3120	   0.2669	   0.7340	   0.7331	   0.0000	   0.4062	   0.8996	 +
raw_umber_1_4.17.25	614.0	   0.3120	   0.2673	   0.7330	   0.7327	   0.0000	   0.4072	   0.9000	 +
raw_umber_1_4.17.25	612.0	   0.3120	   0.2673	   0.7330	   0.7327	   0.0000	   0.4072	   0.9000	 +
raw_umber_1_4.17.25	610.0	   0.3120	   0.2687	   0.7320	   0.7313	   0.0000	   0.4105	   0.8998	 +
raw_umber_1_4.17.25	608.0	   0.3120	   0.2687	   0.7320	   0.7313	   0.0000	   0.4105	   0.8998	 +
raw_umber_1_4.17.25	606.0	   0.3120	   0.2687	   0.7320	   0.7313	   0.0000	   0.4105	   0.8998	 +
raw_umber_1_4.17.25	604.0	   0.3110	   0.2693	   0.7310	   0.7307	   0.0000	   0.4121	   0.8999	 +
raw_umber_1_4.17.25	602.0	   0.3110	   0.2713	   0.7290	   0.7287	   0.0000	   0.4169	   0.8999	 +
raw_umber_1_4.17.25	600.0	   0.3110	   0.2723	   0.7280	   0.7277	   0.0000	   0.4193	   0.8999	 +
raw_umber_1_4.17.25	598.0	   0.3110	   0.2736	   0.7270	   0.7264	   0.0000	   0.4226	   0.8999	 +
raw_umber_1_4.17.25	596.0	   0.3100	   0.2739	   0.7270	   0.7261	   0.0000	   0.4235	   0.8996	 +
raw_umber_1_4.17.25	594.0	   0.3100	   0.2741	   0.7260	   0.7259	   0.0000	   0.4238	   0.9003	 +
raw_umber_1_4.17.25	592.0	   0.3100	   0.2741	   0.7260	   0.7259	   0.0000	   0.4238	   0.9003	 +
raw_umber_1_4.17.25	590.0	   0.3100	   0.2756	   0.7250	   0.7244	   0.0000	   0.4277	   0.9001	 +
raw_umber_1_4.17.25	588.0	   0.3100	   0.2765	   0.7240	   0.7235	   0.0000	   0.4301	   0.8999	 +
raw_umber_1_4.17.25	586.0	   0.3090	   0.2773	   0.7230	   0.7227	   0.0000	   0.4320	   0.9001	 +
raw_umber_1_4.17.25	584.0	   0.3090	   0.2791	   0.7210	   0.7209	   0.0000	   0.4367	   0.9003	 +
raw_umber_1_4.17.25	582.0	   0.3080	   0.2812	   0.7190	   0.7188	   0.0000	   0.4420	   0.9000	 +
raw_umber_1_4.17.25	580.0	   0.3070	   0.2834	   0.7170	   0.7166	   0.0000	   0.4478	   0.8998	 +
raw_umber_1_4.17.25	578.0	   0.3060	   0.2843	   0.7160	   0.7157	   0.0000	   0.4503	   0.9000	 +
raw_umber_1_4.17.25	576.0	   0.3060	   0.2865	   0.7140	   0.7135	   0.0000	   0.4560	   0.9000	 +
raw_umber_1_4.17.25	574.0	   0.3050	   0.2874	   0.7130	   0.7126	   0.0000	   0.4584	   0.9002	 +
raw_umber_1_4.17.25	572.0	   0.3040	   0.2921	   0.7120	   0.7079	   0.0000	   0.4717	   0.8975	 +
raw_umber_1_4.17.25	570.0	   0.3030	   0.2891	   0.7110	   0.7109	   0.0000	   0.4629	   0.9000	 +
raw_umber_1_4.17.25	568.0	   0.3020	   0.2905	   0.7100	   0.7095	   0.0000	   0.4668	   0.9000	 +
raw_umber_1_4.17.25	566.0	   0.3000	   0.2913	   0.7090	   0.7087	   0.0000	   0.4690	   0.9001	 +
raw_umber_1_4.17.25	564.0	   0.2990	   0.2941	   0.7070	   0.7059	   0.0000	   0.4767	   0.8995	 +
raw_umber_1_4.17.25	562.0	   0.2970	   0.2952	   0.7050	   0.7048	   0.0000	   0.4796	   0.9001	 +
raw_umber_1_4.17.25	560.0	   0.2960	   0.2961	   0.7030	   0.7030	   0.0002	   0.4833	   0.9000	 *
raw_umber_1_4.17.25	558.0	   0.2950	   0.2949	   0.7010	   0.7010	   0.0010	   0.4838	   0.9008	 *
raw_umber_1_4.17.25	556.0	   0.2940	   0.2940	   0.6980	   0.6979	   0.0019	   0.4862	   0.9000	 *
raw_umber_1_4.17.25	554.0	   0.2920	   0.2920	   0.6960	   0.6961	   0.0028	   0.4854	   0.9000	 *
raw_umber_1_4.17.25	552.0	   0.2910	   0.2911	   0.6940	   0.6940	   0.0036	   0.4865	   0.9000	 *
raw_umber_1_4.17.25	550.0	   0.2900	   0.2900	   0.6920	   0.6920	   0.0043	   0.4874	   0.9000	 *
raw_umber_1_4.17.25	548.0	   0.2880	   0.2881	   0.6910	   0.6910	   0.0050	   0.4854	   0.9000	 *
raw_umber_1_4.17.25	546.0	   0.2860	   0.2860	   0.6890	   0.6890	   0.0061	   0.4845	   0.9000	 *
raw_umber_1_4.17.25	544.0	   0.2840	   0.2839	   0.6860	   0.6860	   0.0073	   0.4850	   0.9000	 *
raw_umber_1_4.17.25	542.0	   0.2820	   0.2820	   0.6840	   0.6840	   0.0084	   0.4844	   0.9000	 *
raw_umber_1_4.17.25	540.0	   0.2810	   0.2810	   0.6820	   0.6820	   0.0091	   0.4853	   0.9000	 *
raw_umber_1_4.17.25	538.0	   0.2790	   0.2790	   0.6800	   0.6800	   0.0102	   0.4844	   0.9000	 *
raw_umber_1_4.17.25	536.0	   0.2780	   0.2780	   0.6780	   0.6780	   0.0109	   0.4854	   0.9000	 *
raw_umber_1_4.17.25	534.0	   0.2760	   0.2760	   0.6750	   0.6750	   0.0123	   0.4858	   0.9000	 *
raw_umber_1_4.17.25	532.0	   0.2750	   0.2750	   0.6730	   0.6730	   0.0131	   0.4866	   0.9000	 *
raw_umber_1_4.17.25	530.0	   0.2730	   0.2730	   0.6700	   0.6701	   0.0144	   0.4870	   0.9001	 *
raw_umber_1_4.17.25	528.0	   0.2720	   0.2720	   0.6680	   0.6681	   0.0152	   0.4879	   0.9000	 *
raw_umber_1_4.17.25	526.0	   0.2700	   0.2700	   0.6660	   0.6659	   0.0163	   0.4873	   0.9000	 *
raw_umber_1_4.17.25	524.0	   0.2680	   0.2679	   0.6640	   0.6640	   0.0175	   0.4863	   0.9000	 *
raw_umber_1_4.17.25	522.0	   0.2660	   0.2660	   0.6610	   0.6610	   0.0189	   0.4869	   0.9000	 *
raw_umber_1_4.17.25	520.0	   0.2650	   0.2650	   0.6590	   0.6590	   0.0197	   0.4876	   0.9000	 *
raw_umber_1_4.17.25	518.0	   0.2640	   0.2640	   0.6570	   0.6570	   0.0206	   0.4884	   0.9000	 *
raw_umber_1_4.17.25	516.0	   0.2620	   0.2620	   0.6550	   0.6551	   0.0217	   0.4876	   0.9000	 *
raw_umber_1_4.17.25	514.0	   0.2610	   0.2610	   0.6530	   0.6530	   0.0226	   0.4884	   0.9000	 *
raw_umber_1_4.17.25	512.0	   0.2600	   0.2600	   0.6510	   0.6510	   0.0235	   0.4892	   0.9000	 *
raw_umber_1_4.17.25	510.0	   0.2580	   0.2580	   0.6480	   0.6481	   0.0249	   0.4896	   0.9000	 *
raw_umber_1_4.17.25	508.0	   0.2560	   0.2560	   0.6460	   0.6459	   0.0262	   0.4889	   0.9000	 *
raw_umber_1_4.17.25	506.0	   0.2540	   0.2540	   0.6440	   0.6440	   0.0274	   0.4878	   0.9000	 *
raw_umber_1_4.17.25	504.0	   0.2520	   0.2519	   0.6410	   0.6410	   0.0290	   0.4882	   0.9000	 *
raw_umber_1_4.17.25	502.0	   0.2500	   0.2501	   0.6390	   0.6390	   0.0302	   0.4874	   0.9000	 *
raw_umber_1_4.17.25	500.0	   0.2490	   0.2491	   0.6370	   0.6370	   0.0311	   0.4883	   0.9000	 *
raw_umber_1_4.17.25	498.0	   0.2480	   0.2480	   0.6350	   0.6350	   0.0321	   0.4890	   0.9000	 *
raw_umber_1_4.17.25	496.0	   0.2460	   0.2460	   0.6340	   0.6340	   0.0331	   0.4868	   0.9000	 *
raw_umber_1_4.17.25	494.0	   0.2450	   0.2450	   0.6310	   0.6310	   0.0344	   0.4888	   0.8999	 *
raw_umber_1_4.17.25	492.0	   0.2440	   0.2440	   0.6290	   0.6290	   0.0353	   0.4896	   0.9000	 *
raw_umber_1_4.17.25	490.0	   0.2420	   0.2420	   0.6270	   0.6269	   0.0367	   0.4886	   0.9000	 *
raw_umber_1_4.17.25	488.0	   0.2410	   0.2410	   0.6240	   0.6240	   0.0380	   0.4906	   0.9000	 *
raw_umber_1_4.17.25	486.0	   0.2400	   0.2400	   0.6220	   0.6220	   0.0389	   0.4914	   0.9000	 *
raw_umber_1_4.17.25	484.0	   0.2380	   0.2381	   0.6190	   0.6190	   0.0406	   0.4917	   0.9000	 *
raw_umber_1_4.17.25	482.0	   0.2370	   0.2370	   0.6170	   0.6170	   0.0417	   0.4924	   0.9000	 *
raw_umber_1_4.17.25	480.0	   0.2360	   0.2361	   0.6150	   0.6150	   0.0427	   0.4933	   0.9000	 *
raw_umber_1_4.17.25	478.0	   0.2350	   0.2350	   0.6130	   0.6129	   0.0438	   0.4940	   0.9000	 *
raw_umber_1_4.17.25	476.0	   0.2340	   0.2340	   0.6110	   0.6111	   0.0448	   0.4945	   0.9000	 *
raw_umber_1_4.17.25	474.0	   0.2330	   0.2330	   0.6090	   0.6091	   0.0458	   0.4953	   0.9000	 *
raw_umber_1_4.17.25	472.0	   0.2320	   0.2321	   0.6070	   0.6070	   0.0469	   0.4963	   0.9000	 *
raw_umber_1_4.17.25	470.0	   0.2310	   0.2310	   0.6050	   0.6050	   0.0480	   0.4969	   0.9000	 *
raw_umber_1_4.17.25	468.0	   0.2300	   0.2299	   0.6030	   0.6030	   0.0490	   0.4975	   0.9000	 *
raw_umber_1_4.17.25	466.0	   0.2290	   0.2290	   0.6000	   0.6000	   0.0504	   0.4997	   0.9000	 *
raw_umber_1_4.17.25	464.0	   0.2280	   0.2280	   0.5980	   0.5980	   0.0515	   0.5004	   0.9000	 *
raw_umber_1_4.17.25	462.0	   0.2270	   0.2270	   0.5970	   0.5970	   0.0523	   0.4998	   0.9000	 *
raw_umber_1_4.17.25	460.0	   0.2260	   0.2260	   0.5940	   0.5940	   0.0537	   0.5018	   0.9000	 *
raw_umber_1_4.17.25	458.0	   0.2250	   0.2250	   0.5920	   0.5919	   0.0548	   0.5026	   0.9000	 *
raw_umber_1_4.17.25	456.0	   0.2230	   0.2230	   0.5900	   0.5900	   0.0564	   0.5015	   0.9000	 *
raw_umber_1_4.17.25	454.0	   0.2220	   0.2219	   0.5870	   0.5870	   0.0579	   0.5034	   0.9000	 *
raw_umber_1_4.17.25	452.0	   0.2200	   0.2200	   0.5850	   0.5851	   0.0595	   0.5022	   0.9000	 *
raw_umber_1_4.17.25	450.0	   0.2180	   0.2179	   0.5830	   0.5830	   0.0612	   0.5010	   0.9000	 *
raw_umber_1_4.17.25	448.0	   0.2170	   0.2170	   0.5800	   0.5800	   0.0627	   0.5032	   0.9000	 *
raw_umber_1_4.17.25	446.0	   0.2150	   0.2150	   0.5770	   0.5770	   0.0647	   0.5032	   0.9000	 *
raw_umber_1_4.17.25	444.0	   0.2130	   0.2130	   0.5740	   0.5740	   0.0668	   0.5032	   0.9000	 *
raw_umber_1_4.17.25	442.0	   0.2110	   0.2111	   0.5700	   0.5700	   0.0692	   0.5048	   0.9000	 *
raw_umber_1_4.17.25	440.0	   0.2080	   0.2080	   0.5650	   0.5649	   0.0726	   0.5054	   0.9000	 *
raw_umber_1_4.17.25	438.0	   0.2050	   0.2049	   0.5600	   0.5600	   0.0761	   0.5057	   0.9000	 *
raw_umber_1_4.17.25	436.0	   0.2020	   0.2020	   0.5540	   0.5540	   0.0800	   0.5079	   0.9000	 *
raw_umber_1_4.17.25	434.0	   0.1990	   0.1989	   0.5500	   0.5500	   0.0834	   0.5069	   0.9000	 *
raw_umber_1_4.17.25	432.0	   0.1970	   0.1971	   0.5450	   0.5450	   0.0864	   0.5097	   0.9000	 *
raw_umber_1_4.17.25	430.0	   0.1940	   0.1940	   0.5410	   0.5410	   0.0899	   0.5088	   0.9000	 *
raw_umber_1_4.17.25	428.0	   0.1910	   0.1910	   0.5370	   0.5371	   0.0934	   0.5076	   0.9000	 *
raw_umber_1_4.17.25	426.0	   0.1890	   0.1890	   0.5340	   0.5340	   0.0959	   0.5076	   0.9000	 *
raw_umber_1_4.17.25	424.0	   0.1870	   0.1871	   0.5310	   0.5310	   0.0984	   0.5074	   0.9000	 *
raw_umber_1_4.17.25	422.0	   0.1840	   0.1840	   0.5270	   0.5270	   0.1022	   0.5061	   0.9000	 *
raw_umber_1_4.17.25	420.0	   0.1820	   0.1820	   0.5240	   0.5239	   0.1049	   0.5060	   0.9000	 *
raw_umber_1_4.17.25	418.0	   0.1800	   0.1800	   0.5200	   0.5201	   0.1080	   0.5068	   0.9000	 *
raw_umber_1_4.17.25	416.0	   0.1770	   0.1771	   0.5160	   0.5160	   0.1119	   0.5058	   0.8999	 *
raw_umber_1_4.17.25	414.0	   0.1750	   0.1750	   0.5120	   0.5120	   0.1152	   0.5066	   0.9000	 *
raw_umber_1_4.17.25	412.0	   0.1740	   0.1741	   0.5090	   0.5090	   0.1173	   0.5084	   0.9000	 *
raw_umber_1_4.17.25	410.0	   0.1720	   0.1720	   0.5060	   0.5060	   0.1203	   0.5078	   0.9000	 *
raw_umber_1_4.17.25	408.0	   0.1700	   0.1700	   0.5020	   0.5019	   0.1238	   0.5088	   0.9000	 *
raw_umber_1_4.17.25	406.0	   0.1690	   0.1690	   0.4980	   0.4979	   0.1265	   0.5118	   0.9000	 *
raw_umber_1_4.17.25	404.0	   0.1680	   0.1680	   0.4940	   0.4939	   0.1291	   0.5151	   0.9000	 *
raw_umber_1_4.17.25	402.0	   0.1670	   0.1670	   0.4900	   0.4899	   0.1319	   0.5182	   0.9000	 *
raw_umber_1_4.17.25	400.0	   0.1670	   0.1669	   0.4880	   0.4880	   0.1328	   0.5207	   0.9001	 *
raw_umber_3_4.17.25	750.0	   0.1990	   0.1990	   0.5160	   0.5160	   0.0839	   0.4818	   0.9000	 *
raw_umber_3_4.17.25	748.0	   0.1990	   0.1990	   0.5150	   0.5150	   0.0842	   0.4830	   0.9000	 *
raw_umber_3_4.17.25	746.0	   0.1980	   0.1981	   0.5140	   0.5140	   0.0851	   0.4825	   0.9000	 *
raw_umber_3_4.17.25	744.0	   0.1980	   0.1980	   0.5130	   0.5130	   0.0855	   0.4839	   0.8999	 *
raw_umber_3_4.17.25	742.0	   0.1980	   0.1980	   0.5120	   0.5120	   0.0858	   0.4849	   0.9000	 *
raw_umber_3_4.17.25	740.0	   0.1970	   0.1970	   0.5110	   0.5110	   0.0868	   0.4843	   0.9000	 *
raw_umber_3_4.17.25	738.0	   0.1970	   0.1970	   0.5100	   0.5100	   0.0871	   0.4857	   0.9000	 *
raw_umber_3_4.17.25	736.0	   0.1970	   0.1970	   0.5090	   0.5089	   0.0875	   0.4869	   0.9000	 *
raw_umber_3_4.17.25	734.0	   0.1970	   0.1970	   0.5090	   0.5089	   0.0875	   0.4869	   0.9000	 *
raw_umber_3_4.17.25	732.0	   0.1970	   0.1970	   0.5090	   0.5089	   0.0875	   0.4869	   0.9000	 *
raw_umber_3_4.17.25	730.0	   0.1970	   0.1969	   0.5080	   0.5080	   0.0878	   0.4881	   0.9000	 *
raw_umber_3_4.17.25	728.0	   0.1960	   0.1960	   0.5070	   0.5070	   0.0887	   0.4876	   0.9000	 *
raw_umber_3_4.17.25	726.0	   0.1960	   0.1960	   0.5060	   0.5060	   0.0890	   0.4888	   0.9000	 *
raw_umber_3_4.17.25	724.0	   0.1960	   0.1961	   0.5050	   0.5050	   0.0894	   0.4903	   0.8999	 *
raw_umber_3_4.17.25	722.0	   0.1950	   0.1950	   0.5040	   0.5040	   0.0904	   0.4895	   0.8999	 *
raw_umber_3_4.17.25	720.0	   0.1950	   0.1950	   0.5030	   0.5029	   0.0907	   0.4909	   0.9000	 *
raw_umber_3_4.17.25	718.0	   0.1950	   0.1950	   0.5030	   0.5029	   0.0907	   0.4909	   0.9000	 *
raw_umber_3_4.17.25	716.0	   0.1950	   0.1950	   0.5020	   0.5020	   0.0911	   0.4921	   0.9000	 *
raw_umber_3_4.17.25	714.0	   0.1940	   0.1940	   0.5010	   0.5011	   0.0920	   0.4912	   0.9001	 *
raw_umber_3_4.17.25	712.0	   0.1940	   0.1940	   0.5000	   0.5000	   0.0924	   0.4927	   0.9000	 *
raw_umber_3_4.17.25	710.0	   0.1930	   0.1930	   0.4980	   0.4980	   0.0937	   0.4934	   0.9000	 *
raw_umber_3_4.17.25	708.0	   0.1930	   0.1930	   0.4970	   0.4970	   0.0940	   0.4946	   0.9000	 *
raw_umber_3_4.17.25	706.0	   0.1930	   0.1931	   0.4960	   0.4960	   0.0944	   0.4961	   0.9000	 *
raw_umber_3_4.17.25	704.0	   0.1920	   0.1920	   0.4950	   0.4950	   0.0954	   0.4951	   0.9001	 *
raw_umber_3_4.17.25	702.0	   0.1920	   0.1920	   0.4950	   0.4950	   0.0954	   0.4951	   0.9001	 *
raw_umber_3_4.17.25	700.0	   0.1920	   0.1919	   0.4940	   0.4940	   0.0958	   0.4964	   0.9001	 *
raw_umber_3_4.17.25	698.0	   0.1920	   0.1921	   0.4930	   0.4930	   0.0961	   0.4981	   0.8999	 *
raw_umber_3_4.17.25	696.0	   0.1920	   0.1920	   0.4920	   0.4921	   0.0965	   0.4992	   0.9000	 *
raw_umber_3_4.17.25	694.0	   0.1910	   0.1910	   0.4910	   0.4910	   0.0975	   0.4986	   0.9000	 *
raw_umber_3_4.17.25	692.0	   0.1910	   0.1910	   0.4890	   0.4890	   0.0982	   0.5013	   0.9000	 *
raw_umber_3_4.17.25	690.0	   0.1910	   0.1910	   0.4880	   0.4880	   0.0985	   0.5026	   0.9000	 *
raw_umber_3_4.17.25	688.0	   0.1900	   0.1900	   0.4860	   0.4860	   0.0999	   0.5032	   0.9000	 *
raw_umber_3_4.17.25	686.0	   0.1900	   0.1900	   0.4850	   0.4849	   0.1003	   0.5047	   0.9000	 *
raw_umber_3_4.17.25	684.0	   0.1900	   0.1900	   0.4840	   0.4841	   0.1007	   0.5058	   0.9000	 *
raw_umber_3_4.17.25	682.0	   0.1890	   0.1890	   0.4830	   0.4830	   0.1017	   0.5053	   0.9000	 *
raw_umber_3_4.17.25	680.0	   0.1890	   0.1890	   0.4810	   0.4810	   0.1024	   0.5080	   0.9000	 *
raw_umber_3_4.17.25	678.0	   0.1880	   0.1879	   0.4800	   0.4800	   0.1035	   0.5070	   0.9000	 *
raw_umber_3_4.17.25	676.0	   0.1880	   0.1879	   0.4800	   0.4800	   0.1035	   0.5070	   0.9000	 *
raw_umber_3_4.17.25	674.0	   0.1870	   0.1870	   0.4790	   0.4790	   0.1045	   0.5064	   0.9000	 *
raw_umber_3_4.17.25	672.0	   0.1870	   0.1870	   0.4780	   0.4781	   0.1049	   0.5077	   0.9000	 *
raw_umber_3_4.17.25	670.0	   0.1870	   0.1871	   0.4760	   0.4760	   0.1056	   0.5108	   0.9000	 *
raw_umber_3_4.17.25	668.0	   0.1860	   0.1859	   0.4750	   0.4750	   0.1067	   0.5096	   0.9000	 *
raw_umber_3_4.17.25	666.0	   0.1860	   0.1859	   0.4740	   0.4740	   0.1071	   0.5111	   0.9000	 *
raw_umber_3_4.17.25	664.0	   0.1860	   0.1860	   0.4720	   0.4721	   0.1078	   0.5140	   0.9000	 *
raw_umber_3_4.17.25	662.0	   0.1860	   0.1860	   0.4710	   0.4711	   0.1082	   0.5153	   0.9000	 *
raw_umber_3_4.17.25	660.0	   0.1850	   0.1850	   0.4700	   0.4700	   0.1093	   0.5145	   0.9000	 *
raw_umber_3_4.17.25	658.0	   0.1850	   0.1850	   0.4690	   0.4690	   0.1097	   0.5159	   0.9000	 *
raw_umber_3_4.17.25	656.0	   0.1850	   0.1850	   0.4690	   0.4690	   0.1097	   0.5159	   0.9000	 *
raw_umber_3_4.17.25	654.0	   0.1840	   0.1840	   0.4680	   0.4680	   0.1107	   0.5153	   0.9000	 *
raw_umber_3_4.17.25	652.0	   0.1840	   0.1840	   0.4660	   0.4661	   0.1115	   0.5179	   0.9000	 *
raw_umber_3_4.17.25	650.0	   0.1830	   0.1830	   0.4650	   0.4650	   0.1126	   0.5172	   0.9000	 *
raw_umber_3_4.17.25	648.0	   0.1830	   0.1831	   0.4630	   0.4630	   0.1133	   0.5202	   0.9000	 *
raw_umber_3_4.17.25	646.0	   0.1830	   0.1830	   0.4620	   0.4620	   0.1138	   0.5216	   0.9000	 *
raw_umber_3_4.17.25	644.0	   0.1830	   0.1830	   0.4610	   0.4610	   0.1142	   0.5230	   0.9000	 *
raw_umber_3_4.17.25	642.0	   0.1830	   0.1829	   0.4600	   0.4600	   0.1146	   0.5242	   0.9000	 *
raw_umber_3_4.17.25	640.0	   0.1830	   0.1829	   0.4590	   0.4590	   0.1150	   0.5256	   0.9000	 *
raw_umber_3_4.17.25	638.0	   0.1820	   0.1820	   0.4580	   0.4580	   0.1161	   0.5250	   0.9000	 *
raw_umber_3_4.17.25	636.0	   0.1820	   0.1820	   0.4560	   0.4559	   0.1168	   0.5281	   0.8999	 *
raw_umber_3_4.17.25	634.0	   0.1810	   0.1810	   0.4550	   0.4549	   0.1180	   0.5271	   0.9000	 *
raw_umber_3_4.17.25	632.0	   0.1800	   0.1800	   0.4540	   0.4540	   0.1191	   0.5263	   0.9000	 *
raw_umber_3_4.17.25	630.0	   0.1800	   0.1801	   0.4520	   0.4520	   0.1199	   0.5293	   0.8999	 *
raw_umber_3_4.17.25	628.0	   0.1790	   0.1790	   0.4510	   0.4511	   0.1211	   0.5281	   0.9001	 *
raw_umber_3_4.17.25	626.0	   0.1790	   0.1790	   0.4490	   0.4490	   0.1219	   0.5311	   0.9000	 *
raw_umber_3_4.17.25	624.0	   0.1780	   0.1780	   0.4480	   0.4479	   0.1231	   0.5303	   0.9000	 *
raw_umber_3_4.17.25	622.0	   0.1780	   0.1780	   0.4470	   0.4470	   0.1235	   0.5317	   0.9000	 *
raw_umber_3_4.17.25	620.0	   0.1780	   0.1780	   0.4460	   0.4460	   0.1238	   0.5334	   0.9000	 *
raw_umber_3_4.17.25	618.0	   0.1770	   0.1770	   0.4440	   0.4439	   0.1255	   0.5340	   0.9000	 *
raw_umber_3_4.17.25	616.0	   0.1770	   0.1771	   0.4420	   0.4420	   0.1262	   0.5370	   0.9000	 *
raw_umber_3_4.17.25	614.0	   0.1760	   0.1760	   0.4410	   0.4411	   0.1274	   0.5358	   0.9000	 *
raw_umber_3_4.17.25	612.0	   0.1760	   0.1760	   0.4390	   0.4390	   0.1283	   0.5389	   0.9000	 *
raw_umber_3_4.17.25	610.0	   0.1750	   0.1749	   0.4380	   0.4380	   0.1296	   0.5378	   0.9000	 *
raw_umber_3_4.17.25	608.0	   0.1750	   0.1749	   0.4360	   0.4360	   0.1304	   0.5409	   0.9000	 *
raw_umber_3_4.17.25	606.0	   0.1750	   0.1750	   0.4350	   0.4349	   0.1307	   0.5427	   0.9000	 *
raw_umber_3_4.17.25	604.0	   0.1740	   0.1740	   0.4330	   0.4331	   0.1323	   0.5431	   0.9000	 *
raw_umber_3_4.17.25	602.0	   0.1740	   0.1739	   0.4310	   0.4310	   0.1333	   0.5460	   0.9000	 *
raw_umber_3_4.17.25	600.0	   0.1730	   0.1730	   0.4290	   0.4290	   0.1349	   0.5468	   0.9000	 *
raw_umber_3_4.17.25	598.0	   0.1720	   0.1719	   0.4270	   0.4270	   0.1366	   0.5472	   0.9000	 *
raw_umber_3_4.17.25	596.0	   0.1710	   0.1711	   0.4240	   0.4240	   0.1387	   0.5497	   0.9000	 *
raw_umber_3_4.17.25	594.0	   0.1700	   0.1701	   0.4220	   0.4220	   0.1404	   0.5503	   0.9000	 *
raw_umber_3_4.17.25	592.0	   0.1700	   0.1700	   0.4200	   0.4200	   0.1413	   0.5532	   0.9000	 *
raw_umber_3_4.17.25	590.0	   0.1690	   0.1690	   0.4180	   0.4180	   0.1430	   0.5538	   0.9000	 *
raw_umber_3_4.17.25	588.0	   0.1670	   0.1669	   0.4160	   0.4160	   0.1457	   0.5517	   0.9000	 *
raw_umber_3_4.17.25	586.0	   0.1660	   0.1660	   0.4130	   0.4130	   0.1480	   0.5538	   0.9000	 *
raw_umber_3_4.17.25	584.0	   0.1650	   0.1650	   0.4100	   0.4101	   0.1502	   0.5559	   0.9000	 *
raw_umber_3_4.17.25	582.0	   0.1640	   0.1640	   0.4070	   0.4071	   0.1525	   0.5581	   0.9000	 *
raw_umber_3_4.17.25	580.0	   0.1620	   0.1619	   0.4050	   0.4050	   0.1553	   0.5559	   0.9001	 *
raw_umber_3_4.17.25	578.0	   0.1610	   0.1610	   0.4010	   0.4010	   0.1581	   0.5598	   0.9000	 *
raw_umber_3_4.17.25	576.0	   0.1590	   0.1590	   0.3980	   0.3980	   0.1615	   0.5590	   0.9000	 *
raw_umber_3_4.17.25	574.0	   0.1570	   0.1570	   0.3940	   0.3940	   0.1654	   0.5599	   0.9000	 *
raw_umber_3_4.17.25	572.0	   0.1550	   0.1550	   0.3910	   0.3910	   0.1689	   0.5593	   0.9000	 *
raw_umber_3_4.17.25	570.0	   0.1530	   0.1530	   0.3880	   0.3880	   0.1725	   0.5587	   0.9000	 *
raw_umber_3_4.17.25	568.0	   0.1510	   0.1511	   0.3840	   0.3840	   0.1766	   0.5596	   0.8999	 *
raw_umber_3_4.17.25	566.0	   0.1490	   0.1489	   0.3800	   0.3800	   0.1810	   0.5599	   0.9001	 *
raw_umber_3_4.17.25	564.0	   0.1460	   0.1460	   0.3760	   0.3759	   0.1865	   0.5580	   0.9000	 *
raw_umber_3_4.17.25	562.0	   0.1440	   0.1440	   0.3720	   0.3720	   0.1910	   0.5585	   0.9000	 *
raw_umber_3_4.17.25	560.0	   0.1410	   0.1410	   0.3670	   0.3670	   0.1973	   0.5577	   0.9000	 *
raw_umber_3_4.17.25	558.0	   0.1390	   0.1389	   0.3620	   0.3620	   0.2027	   0.5597	   0.9000	 *
raw_umber_3_4.17.25	556.0	   0.1360	   0.1360	   0.3570	   0.3569	   0.2095	   0.5590	   0.9000	 *
raw_umber_3_4.17.25	554.0	   0.1330	   0.1330	   0.3520	   0.3519	   0.2165	   0.5579	   0.9000	 *
raw_umber_3_4.17.25	552.0	   0.1310	   0.1310	   0.3470	   0.3470	   0.2223	   0.5596	   0.9000	 *
raw_umber_3_4.17.25	550.0	   0.1280	   0.1280	   0.3430	   0.3429	   0.2293	   0.5565	   0.9000	 *
raw_umber_3_4.17.25	548.0	   0.1250	   0.1250	   0.3380	   0.3380	   0.2370	   0.5545	   0.9000	 *
raw_umber_3_4.17.25	546.0	   0.1230	   0.1230	   0.3340	   0.3341	   0.2428	   0.5544	   0.9001	 *
raw_umber_3_4.17.25	544.0	   0.1200	   0.1200	   0.3290	   0.3290	   0.2511	   0.5527	   0.9000	 *
raw_umber_3_4.17.25	542.0	   0.1180	   0.1180	   0.3240	   0.3240	   0.2579	   0.5540	   0.8999	 *
raw_umber_3_4.17.25	540.0	   0.1160	   0.1160	   0.3190	   0.3190	   0.2650	   0.5550	   0.9000	 *
raw_umber_3_4.17.25	538.0	   0.1130	   0.1130	   0.3140	   0.3141	   0.2743	   0.5523	   0.9001	 *
raw_umber_3_4.17.25	536.0	   0.1110	   0.1111	   0.3100	   0.3100	   0.2810	   0.5520	   0.9000	 *
raw_umber_3_4.17.25	534.0	   0.1090	   0.1089	   0.3050	   0.3050	   0.2890	   0.5525	   0.9000	 *
raw_umber_3_4.17.25	532.0	   0.1070	   0.1070	   0.3010	   0.3010	   0.2962	   0.5515	   0.9001	 *
raw_umber_3_4.17.25	530.0	   0.1050	   0.1050	   0.2970	   0.2971	   0.3036	   0.5506	   0.9000	 *
raw_umber_3_4.17.25	528.0	   0.1030	   0.1030	   0.2920	   0.2920	   0.3122	   0.5510	   0.9000	 *
raw_umber_3_4.17.25	526.0	   0.1010	   0.1010	   0.2880	   0.2881	   0.3202	   0.5494	   0.9001	 *
raw_umber_3_4.17.25	524.0	   0.0990	   0.0989	   0.2840	   0.2840	   0.3287	   0.5477	   0.9001	 *
raw_umber_3_4.17.25	522.0	   0.0980	   0.0980	   0.2790	   0.2790	   0.3354	   0.5523	   0.9001	 *
raw_umber_3_4.17.25	520.0	   0.0960	   0.0959	   0.2760	   0.2760	   0.3436	   0.5484	   0.9001	 *
raw_umber_3_4.17.25	518.0	   0.0940	   0.0940	   0.2710	   0.2710	   0.3533	   0.5485	   0.9000	 *
raw_umber_3_4.17.25	516.0	   0.0930	   0.0930	   0.2670	   0.2671	   0.3597	   0.5510	   0.9001	 *
raw_umber_3_4.17.25	514.0	   0.0910	   0.0909	   0.2630	   0.2630	   0.3697	   0.5483	   0.9001	 *
raw_umber_3_4.17.25	512.0	   0.0890	   0.0891	   0.2590	   0.2590	   0.3795	   0.5463	   0.8999	 *
raw_umber_3_4.17.25	510.0	   0.0880	   0.0880	   0.2550	   0.2549	   0.3868	   0.5484	   0.9000	 *
raw_umber_3_4.17.25	508.0	   0.0860	   0.0860	   0.2520	   0.2520	   0.3967	   0.5433	   0.8999	 *
raw_umber_3_4.17.25	506.0	   0.0850	   0.0850	   0.2480	   0.2481	   0.4039	   0.5455	   0.8999	 *
raw_umber_3_4.17.25	504.0	   0.0830	   0.0830	   0.2440	   0.2440	   0.4155	   0.5421	   0.8999	 *
raw_umber_3_4.17.25	502.0	   0.0820	   0.0820	   0.2400	   0.2400	   0.4234	   0.5441	   0.9000	 *
raw_umber_3_4.17.25	500.0	   0.0810	   0.0811	   0.2370	   0.2370	   0.4305	   0.5441	   0.8999	 *
raw_umber_3_4.17.25	498.0	   0.0800	   0.0800	   0.2330	   0.2330	   0.4395	   0.5453	   0.9000	 *
raw_umber_3_4.17.25	496.0	   0.0780	   0.0780	   0.2290	   0.2290	   0.4524	   0.5410	   0.9000	 *
raw_umber_3_4.17.25	494.0	   0.0770	   0.0770	   0.2250	   0.2249	   0.4615	   0.5425	   0.9001	 *
raw_umber_3_4.17.25	492.0	   0.0760	   0.0760	   0.2210	   0.2210	   0.4704	   0.5442	   0.9000	 *
raw_umber_3_4.17.25	490.0	   0.0740	   0.0741	   0.2180	   0.2180	   0.4834	   0.5376	   0.8999	 *
raw_umber_3_4.17.25	488.0	   0.0730	   0.0730	   0.2140	   0.2140	   0.4935	   0.5385	   0.8999	 *
raw_umber_3_4.17.25	486.0	   0.0720	   0.0720	   0.2110	   0.2110	   0.5025	   0.5375	   0.8999	 *
raw_umber_3_4.17.25	484.0	   0.0720	   0.0719	   0.2080	   0.2080	   0.5071	   0.5425	   0.9001	 *
raw_umber_3_4.17.25	482.0	   0.0710	   0.0710	   0.2050	   0.2050	   0.5159	   0.5422	   0.9000	 *
raw_umber_3_4.17.25	480.0	   0.0700	   0.0700	   0.2020	   0.2020	   0.5255	   0.5410	   0.8999	 *
raw_umber_3_4.17.25	478.0	   0.0700	   0.0700	   0.2000	   0.2000	   0.5282	   0.5449	   0.9000	 *
raw_umber_3_4.17.25	476.0	   0.0690	   0.0690	   0.1970	   0.1969	   0.5385	   0.5437	   0.8999	 *
raw_umber_3_4.17.25	474.0	   0.0680	   0.0680	   0.1940	   0.1940	   0.5489	   0.5417	   0.9001	 *
raw_umber_3_4.17.25	472.0	   0.0670	   0.0670	   0.1910	   0.1910	   0.5592	   0.5405	   0.9001	 *
raw_umber_3_4.17.25	470.0	   0.0670	   0.0670	   0.1890	   0.1890	   0.5625	   0.5441	   0.9002	 *
raw_umber_3_4.17.25	468.0	   0.0660	   0.0661	   0.1860	   0.1860	   0.5728	   0.5434	   0.9000	 *
raw_umber_3_4.17.25	466.0	   0.0660	   0.0660	   0.1830	   0.1829	   0.5780	   0.5491	   0.9000	 *
raw_umber_3_4.17.25	464.0	   0.0650	   0.0650	   0.1800	   0.1800	   0.5896	   0.5467	   0.9000	 *
raw_umber_3_4.17.25	462.0	   0.0640	   0.0639	   0.1780	   0.1780	   0.6002	   0.5424	   0.8999	 *
raw_umber_3_4.17.25	460.0	   0.0630	   0.0631	   0.1750	   0.1750	   0.6113	   0.5413	   0.8998	 *
raw_umber_3_4.17.25	458.0	   0.0630	   0.0630	   0.1730	   0.1729	   0.6158	   0.5445	   0.9001	 *
raw_umber_3_4.17.25	456.0	   0.0620	   0.0620	   0.1700	   0.1701	   0.6280	   0.5420	   0.9001	 *
raw_umber_3_4.17.25	454.0	   0.0620	   0.0620	   0.1680	   0.1680	   0.6315	   0.5466	   0.8999	 *
raw_umber_3_4.17.25	452.0	   0.0610	   0.0610	   0.1650	   0.1650	   0.6454	   0.5432	   0.9001	 *
raw_umber_3_4.17.25	450.0	   0.0610	   0.0610	   0.1610	   0.1610	   0.6527	   0.5524	   0.8999	 *
raw_umber_3_4.17.25	448.0	   0.0600	   0.0600	   0.1570	   0.1570	   0.6684	   0.5518	   0.9000	 *
raw_umber_3_4.17.25	446.0	   0.0590	   0.0589	   0.1530	   0.1530	   0.6860	   0.5500	   0.9002	 *
raw_umber_3_4.17.25	444.0	   0.0580	   0.0580	   0.1490	   0.1491	   0.7032	   0.5486	   0.9002	 *
raw_umber_3_4.17.25	442.0	   0.0570	   0.0569	   0.1440	   0.1440	   0.7238	   0.5493	   0.9002	 *
raw_umber_3_4.17.25	440.0	   0.0560	   0.0560	   0.1400	   0.1400	   0.7427	   0.5480	   0.9000	 *
raw_umber_3_4.17.25	438.0	   0.0550	   0.0550	   0.1350	   0.1350	   0.7647	   0.5488	   0.9000	 *
raw_umber_3_4.17.25	436.0	   0.0540	   0.0539	   0.1300	   0.1300	   0.7894	   0.5473	   0.9000	 *
raw_umber_3_4.17.25	434.0	   0.0530	   0.0530	   0.1250	   0.1250	   0.8138	   0.5476	   0.8998	 *
raw_umber_3_4.17.25	432.0	   0.0520	   0.0520	   0.1210	   0.1210	   0.8380	   0.5439	   0.9000	 *
raw_umber_3_4.17.25	430.0	   0.0520	   0.0520	   0.1160	   0.1160	   0.8517	   0.5570	   0.8999	 *
raw_umber_3_4.17.25	428.0	   0.0510	   0.0511	   0.1120	   0.1120	   0.8775	   0.5534	   0.9000	 *
raw_umber_3_4.17.25	426.0	   0.0500	   0.0500	   0.1080	   0.1080	   0.9062	   0.5478	   0.9001	 *
raw_umber_3_4.17.25	424.0	   0.0490	   0.0490	   0.1050	   0.1050	   0.9313	   0.5408	   0.8999	 *
raw_umber_3_4.17.25	422.0	   0.0490	   0.0490	   0.1010	   0.1010	   0.9446	   0.5521	   0.8999	 *
raw_umber_3_4.17.25	420.0	   0.0480	   0.0480	   0.0980	   0.0979	   0.9728	   0.5437	   0.8999	 *
raw_umber_3_4.17.25	418.0	   0.0470	   0.0469	   0.0950	   0.0950	   1.0036	   0.5325	   0.9002	 *
raw_umber_3_4.17.25	416.0	   0.0470	   0.0469	   0.0920	   0.0920	   1.0157	   0.5408	   0.9001	 *
raw_umber_3_4.17.25	414.0	   0.0460	   0.0459	   0.0890	   0.0890	   1.0476	   0.5309	   0.9002	 *
raw_umber_3_4.17.25	412.0	   0.0460	   0.0459	   0.0870	   0.0870	   1.0568	   0.5361	   0.9002	 *
raw_umber_3_4.17.25	410.0	   0.0460	   0.0460	   0.0840	   0.0839	   1.0690	   0.5464	   0.8999	 *
raw_umber_3_4.17.25	408.0	   0.0460	   0.0460	   0.0810	   0.0810	   1.0825	   0.5552	   0.9001	 *
raw_umber_3_4.17.25	406.0	   0.0460	   0.0460	   0.0790	   0.0790	   1.0925	   0.5610	   0.9001	 *
raw_umber_3_4.17.25	404.0	   0.0450	   0.0450	   0.0760	   0.0760	   1.1305	   0.5495	   0.9000	 *
raw_umber_3_4.17.25	402.0	   0.0450	   0.0451	   0.0740	   0.0740	   1.1390	   0.5572	   0.8998	 *
raw_umber_3_4.17.25	400.0	   0.0450	   0.0449	   0.0730	   0.0730	   1.1467	   0.5581	   0.9004	 *
raw_umber_4_4.17.25	750.0	   0.1690	   0.1690	   0.4730	   0.4731	   0.1253	   0.4971	   0.9000	 *
raw_umber_4_4.17.25	748.0	   0.1690	   0.1690	   0.4720	   0.4721	   0.1257	   0.4985	   0.9000	 *
raw_umber_4_4.17.25	746.0	   0.1690	   0.1691	   0.4710	   0.4710	   0.1261	   0.5001	   0.8999	 *
raw_umber_4_4.17.25	744.0	   0.1680	   0.1679	   0.4700	   0.4700	   0.1274	   0.4988	   0.9000	 *
raw_umber_4_4.17.25	742.0	   0.1670	   0.1670	   0.4690	   0.4690	   0.1286	   0.4981	   0.9000	 *
raw_umber_4_4.17.25	740.0	   0.1670	   0.1671	   0.4680	   0.4680	   0.1291	   0.4996	   0.8999	 *
raw_umber_4_4.17.25	738.0	   0.1660	   0.1660	   0.4670	   0.4670	   0.1304	   0.4984	   0.9000	 *
raw_umber_4_4.17.25	736.0	   0.1660	   0.1660	   0.4660	   0.4660	   0.1308	   0.4999	   0.9000	 *
raw_umber_4_4.17.25	734.0	   0.1660	   0.1660	   0.4660	   0.4660	   0.1308	   0.4999	   0.9000	 *
raw_umber_4_4.17.25	732.0	   0.1660	   0.1659	   0.4640	   0.4640	   0.1318	   0.5024	   0.9000	 *
raw_umber_4_4.17.25	730.0	   0.1660	   0.1660	   0.4630	   0.4630	   0.1322	   0.5039	   0.9000	 *
raw_umber_4_4.17.25	728.0	   0.1660	   0.1660	   0.4620	   0.4620	   0.1325	   0.5052	   0.9000	 *
raw_umber_4_4.17.25	726.0	   0.1660	   0.1660	   0.4610	   0.4610	   0.1330	   0.5066	   0.9000	 *
raw_umber_4_4.17.25	724.0	   0.1650	   0.1649	   0.4600	   0.4600	   0.1344	   0.5056	   0.9000	 *
raw_umber_4_4.17.25	722.0	   0.1640	   0.1640	   0.4600	   0.4599	   0.1352	   0.5035	   0.9000	 *
raw_umber_4_4.17.25	720.0	   0.1640	   0.1640	   0.4590	   0.4590	   0.1356	   0.5046	   0.9001	 *
raw_umber_4_4.17.25	718.0	   0.1640	   0.1641	   0.4580	   0.4580	   0.1360	   0.5063	   0.9000	 *
raw_umber_4_4.17.25	716.0	   0.1640	   0.1640	   0.4570	   0.4569	   0.1365	   0.5076	   0.9000	 *
raw_umber_4_4.17.25	714.0	   0.1630	   0.1630	   0.4550	   0.4549	   0.1383	   0.5079	   0.9000	 *
raw_umber_4_4.17.25	712.0	   0.1630	   0.1630	   0.4550	   0.4549	   0.1383	   0.5079	   0.9000	 *
raw_umber_4_4.17.25	710.0	   0.1630	   0.1630	   0.4540	   0.4541	   0.1387	   0.5092	   0.9000	 *
raw_umber_4_4.17.25	708.0	   0.1630	   0.1629	   0.4520	   0.4520	   0.1397	   0.5119	   0.9000	 *
raw_umber_4_4.17.25	706.0	   0.1620	   0.1621	   0.4510	   0.4510	   0.1409	   0.5113	   0.8999	 *
raw_umber_4_4.17.25	704.0	   0.1620	   0.1619	   0.4500	   0.4500	   0.1415	   0.5123	   0.9001	 *
raw_umber_4_4.17.25	702.0	   0.1610	   0.1609	   0.4490	   0.4490	   0.1428	   0.5113	   0.9000	 *
raw_umber_4_4.17.25	700.0	   0.1610	   0.1610	   0.4480	   0.4480	   0.1432	   0.5128	   0.9000	 *
raw_umber_4_4.17.25	698.0	   0.1600	   0.1600	   0.4460	   0.4460	   0.1450	   0.5133	   0.9000	 *
raw_umber_4_4.17.25	696.0	   0.1600	   0.1600	   0.4450	   0.4451	   0.1455	   0.5146	   0.9000	 *
raw_umber_4_4.17.25	694.0	   0.1600	   0.1599	   0.4430	   0.4430	   0.1465	   0.5173	   0.9000	 *
raw_umber_4_4.17.25	692.0	   0.1590	   0.1591	   0.4420	   0.4420	   0.1478	   0.5166	   0.9000	 *
raw_umber_4_4.17.25	690.0	   0.1590	   0.1590	   0.4410	   0.4410	   0.1483	   0.5178	   0.9001	 *
raw_umber_4_4.17.25	688.0	   0.1590	   0.1589	   0.4400	   0.4400	   0.1489	   0.5192	   0.9000	 *
raw_umber_4_4.17.25	686.0	   0.1580	   0.1580	   0.4380	   0.4380	   0.1507	   0.5198	   0.9000	 *
raw_umber_4_4.17.25	684.0	   0.1580	   0.1580	   0.4370	   0.4370	   0.1511	   0.5212	   0.9000	 *
raw_umber_4_4.17.25	682.0	   0.1580	   0.1580	   0.4350	   0.4351	   0.1521	   0.5239	   0.9000	 *
raw_umber_4_4.17.25	680.0	   0.1570	   0.1570	   0.4340	   0.4340	   0.1535	   0.5230	   0.9000	 *
raw_umber_4_4.17.25	678.0	   0.1570	   0.1570	   0.4330	   0.4330	   0.1540	   0.5245	   0.9000	 *
raw_umber_4_4.17.25	676.0	   0.1560	   0.1560	   0.4320	   0.4321	   0.1554	   0.5233	   0.9000	 *
raw_umber_4_4.17.25	674.0	   0.1560	   0.1560	   0.4310	   0.4309	   0.1560	   0.5248	   0.9000	 *
raw_umber_4_4.17.25	672.0	   0.1550	   0.1550	   0.4300	   0.4300	   0.1574	   0.5238	   0.8999	 *
raw_umber_4_4.17.25	670.0	   0.1550	   0.1549	   0.4290	   0.4290	   0.1580	   0.5249	   0.9001	 *
raw_umber_4_4.17.25	668.0	   0.1550	   0.1550	   0.4280	   0.4279	   0.1584	   0.5266	   0.9000	 *
raw_umber_4_4.17.25	666.0	   0.1540	   0.1540	   0.4270	   0.4270	   0.1599	   0.5256	   0.8999	 *
raw_umber_4_4.17.25	664.0	   0.1540	   0.1540	   0.4250	   0.4249	   0.1609	   0.5285	   0.9000	 *
raw_umber_4_4.17.25	662.0	   0.1540	   0.1540	   0.4240	   0.4240	   0.1613	   0.5298	   0.9001	 *
raw_umber_4_4.17.25	660.0	   0.1540	   0.1540	   0.4220	   0.4220	   0.1623	   0.5329	   0.9000	 *
raw_umber_4_4.17.25	658.0	   0.1530	   0.1531	   0.4210	   0.4210	   0.1638	   0.5319	   0.9000	 *
raw_umber_4_4.17.25	656.0	   0.1530	   0.1530	   0.4200	   0.4200	   0.1644	   0.5332	   0.9000	 *
raw_umber_4_4.17.25	654.0	   0.1530	   0.1530	   0.4180	   0.4180	   0.1653	   0.5364	   0.9000	 *
raw_umber_4_4.17.25	652.0	   0.1520	   0.1519	   0.4170	   0.4170	   0.1669	   0.5348	   0.9000	 *
raw_umber_4_4.17.25	650.0	   0.1520	   0.1519	   0.4150	   0.4150	   0.1680	   0.5378	   0.9000	 *
raw_umber_4_4.17.25	648.0	   0.1510	   0.1511	   0.4130	   0.4130	   0.1699	   0.5386	   0.9000	 *
raw_umber_4_4.17.25	646.0	   0.1510	   0.1510	   0.4120	   0.4120	   0.1704	   0.5399	   0.9000	 *
raw_umber_4_4.17.25	644.0	   0.1510	   0.1510	   0.4110	   0.4110	   0.1709	   0.5415	   0.9000	 *
raw_umber_4_4.17.25	642.0	   0.1500	   0.1500	   0.4100	   0.4099	   0.1726	   0.5402	   0.9000	 *
raw_umber_4_4.17.25	640.0	   0.1500	   0.1500	   0.4090	   0.4089	   0.1731	   0.5417	   0.9000	 *
raw_umber_4_4.17.25	638.0	   0.1500	   0.1500	   0.4080	   0.4079	   0.1736	   0.5434	   0.9000	 *
raw_umber_4_4.17.25	636.0	   0.1490	   0.1490	   0.4070	   0.4071	   0.1751	   0.5419	   0.9000	 *
raw_umber_4_4.17.25	634.0	   0.1490	   0.1490	   0.4050	   0.4049	   0.1763	   0.5453	   0.9000	 *
raw_umber_4_4.17.25	632.0	   0.1480	   0.1480	   0.4030	   0.4031	   0.1784	   0.5452	   0.9000	 *
raw_umber_4_4.17.25	630.0	   0.1470	   0.1470	   0.4020	   0.4020	   0.1800	   0.5442	   0.9000	 *
raw_umber_4_4.17.25	628.0	   0.1470	   0.1470	   0.4000	   0.4000	   0.1810	   0.5473	   0.9000	 *
raw_umber_4_4.17.25	626.0	   0.1470	   0.1470	   0.3990	   0.3990	   0.1815	   0.5489	   0.9000	 *
raw_umber_4_4.17.25	624.0	   0.1460	   0.1460	   0.3970	   0.3970	   0.1838	   0.5490	   0.9001	 *
raw_umber_4_4.17.25	622.0	   0.1460	   0.1460	   0.3960	   0.3959	   0.1844	   0.5507	   0.9000	 *
raw_umber_4_4.17.25	620.0	   0.1460	   0.1460	   0.3940	   0.3940	   0.1854	   0.5541	   0.8999	 *
raw_umber_4_4.17.25	618.0	   0.1460	   0.1459	   0.3930	   0.3930	   0.1860	   0.5553	   0.9001	 *
raw_umber_4_4.17.25	616.0	   0.1450	   0.1449	   0.3910	   0.3910	   0.1882	   0.5555	   0.9000	 *
raw_umber_4_4.17.25	614.0	   0.1450	   0.1450	   0.3890	   0.3890	   0.1892	   0.5589	   0.9000	 *
raw_umber_4_4.17.25	612.0	   0.1440	   0.1440	   0.3880	   0.3880	   0.1910	   0.5575	   0.9000	 *
raw_umber_4_4.17.25	610.0	   0.1430	   0.1430	   0.3870	   0.3870	   0.1928	   0.5563	   0.8999	 *
raw_umber_4_4.17.25	608.0	   0.1430	   0.1430	   0.3850	   0.3851	   0.1938	   0.5594	   0.9000	 *
raw_umber_4_4.17.25	606.0	   0.1420	   0.1420	   0.3830	   0.3830	   0.1961	   0.5598	   0.9000	 *
raw_umber_4_4.17.25	604.0	   0.1410	   0.1411	   0.3810	   0.3810	   0.1985	   0.5602	   0.8999	 *
raw_umber_4_4.17.25	602.0	   0.1410	   0.1410	   0.3790	   0.3789	   0.1997	   0.5634	   0.9000	 *
raw_umber_4_4.17.25	600.0	   0.1400	   0.1400	   0.3770	   0.3770	   0.2021	   0.5635	   0.9000	 *
raw_umber_4_4.17.25	598.0	   0.1400	   0.1399	   0.3750	   0.3750	   0.2033	   0.5665	   0.9000	 *
raw_umber_4_4.17.25	596.0	   0.1390	   0.1390	   0.3720	   0.3719	   0.2063	   0.5686	   0.9000	 *
raw_umber_4_4.17.25	594.0	   0.1380	   0.1381	   0.3700	   0.3700	   0.2086	   0.5690	   0.9000	 *
raw_umber_4_4.17.25	592.0	   0.1370	   0.1371	   0.3680	   0.3680	   0.2112	   0.5691	   0.8999	 *
raw_umber_4_4.17.25	590.0	   0.1360	   0.1359	   0.3650	   0.3650	   0.2145	   0.5706	   0.9001	 *
raw_umber_4_4.17.25	588.0	   0.1350	   0.1350	   0.3630	   0.3630	   0.2170	   0.5707	   0.9001	 *
raw_umber_4_4.17.25	586.0	   0.1340	   0.1339	   0.3600	   0.3600	   0.2202	   0.5725	   0.9001	 *
raw_umber_4_4.17.25	584.0	   0.1320	   0.1320	   0.3570	   0.3569	   0.2249	   0.5715	   0.9000	 *
raw_umber_4_4.17.25	582.0	   0.1310	   0.1310	   0.3540	   0.3539	   0.2283	   0.5732	   0.9000	 *
raw_umber_4_4.17.25	580.0	   0.1300	   0.1301	   0.3520	   0.3520	   0.2309	   0.5733	   0.8999	 *
raw_umber_4_4.17.25	578.0	   0.1280	   0.1281	   0.3480	   0.3480	   0.2365	   0.5734	   0.8999	 *
raw_umber_4_4.17.25	576.0	   0.1260	   0.1260	   0.3450	   0.3451	   0.2416	   0.5715	   0.9000	 *
raw_umber_4_4.17.25	574.0	   0.1250	   0.1250	   0.3410	   0.3411	   0.2459	   0.5747	   0.9000	 *
raw_umber_4_4.17.25	572.0	   0.1230	   0.1230	   0.3370	   0.3370	   0.2519	   0.5747	   0.9000	 *
raw_umber_4_4.17.25	570.0	   0.1210	   0.1209	   0.3330	   0.3330	   0.2582	   0.5742	   0.9000	 *
raw_umber_4_4.17.25	568.0	   0.1190	   0.1191	   0.3290	   0.3290	   0.2643	   0.5744	   0.8999	 *
raw_umber_4_4.17.25	566.0	   0.1170	   0.1170	   0.3240	   0.3239	   0.2718	   0.5755	   0.9000	 *
raw_umber_4_4.17.25	564.0	   0.1150	   0.1150	   0.3200	   0.3201	   0.2784	   0.5747	   0.9000	 *
raw_umber_4_4.17.25	562.0	   0.1120	   0.1119	   0.3150	   0.3150	   0.2883	   0.5719	   0.9001	 *
raw_umber_4_4.17.25	560.0	   0.1100	   0.1101	   0.3100	   0.3100	   0.2959	   0.5733	   0.9000	 *
raw_umber_4_4.17.25	558.0	   0.1070	   0.1069	   0.3060	   0.3060	   0.3060	   0.5677	   0.9001	 *
raw_umber_4_4.17.25	556.0	   0.1050	   0.1050	   0.3000	   0.3000	   0.3152	   0.5704	   0.9000	 *
raw_umber_4_4.17.25	554.0	   0.1030	   0.1029	   0.2950	   0.2950	   0.3243	   0.5704	   0.9001	 *
raw_umber_4_4.17.25	552.0	   0.1000	   0.1001	   0.2900	   0.2900	   0.3357	   0.5671	   0.9000	 *
raw_umber_4_4.17.25	550.0	   0.0980	   0.0981	   0.2860	   0.2860	   0.3445	   0.5653	   0.8999	 *
raw_umber_4_4.17.25	548.0	   0.0960	   0.0960	   0.2810	   0.2809	   0.3547	   0.5649	   0.8999	 *
raw_umber_4_4.17.25	546.0	   0.0940	   0.0939	   0.2760	   0.2760	   0.3652	   0.5641	   0.9000	 *
raw_umber_4_4.17.25	544.0	   0.0920	   0.0920	   0.2710	   0.2709	   0.3758	   0.5639	   0.9000	 *
raw_umber_4_4.17.25	542.0	   0.0900	   0.0900	   0.2660	   0.2660	   0.3868	   0.5634	   0.8999	 *
raw_umber_4_4.17.25	540.0	   0.0880	   0.0880	   0.2610	   0.2611	   0.3983	   0.5621	   0.9000	 *
raw_umber_4_4.17.25	538.0	   0.0860	   0.0859	   0.2560	   0.2560	   0.4108	   0.5606	   0.9001	 *
raw_umber_4_4.17.25	536.0	   0.0840	   0.0840	   0.2520	   0.2520	   0.4222	   0.5575	   0.9000	 *
raw_umber_4_4.17.25	534.0	   0.0820	   0.0820	   0.2470	   0.2470	   0.4352	   0.5558	   0.8999	 *
raw_umber_4_4.17.25	532.0	   0.0810	   0.0810	   0.2420	   0.2420	   0.4450	   0.5591	   0.9000	 *
raw_umber_4_4.17.25	530.0	   0.0790	   0.0790	   0.2380	   0.2380	   0.4579	   0.5550	   0.9000	 *
raw_umber_4_4.17.25	528.0	   0.0770	   0.0770	   0.2340	   0.2340	   0.4715	   0.5502	   0.8999	 *
raw_umber_4_4.17.25	526.0	   0.0760	   0.0760	   0.2300	   0.2300	   0.4808	   0.5516	   0.9000	 *
raw_umber_4_4.17.25	524.0	   0.0740	   0.0741	   0.2260	   0.2260	   0.4953	   0.5468	   0.8998	 *
raw_umber_4_4.17.25	522.0	   0.0730	   0.0731	   0.2220	   0.2220	   0.5055	   0.5475	   0.9000	 *
raw_umber_4_4.17.25	520.0	   0.0710	   0.0710	   0.2180	   0.2180	   0.5221	   0.5409	   0.9000	 *
raw_umber_4_4.17.25	518.0	   0.0700	   0.0699	   0.2150	   0.2150	   0.5319	   0.5395	   0.9000	 *
raw_umber_4_4.17.25	516.0	   0.0690	   0.0690	   0.2100	   0.2100	   0.5445	   0.5420	   0.9001	 *
raw_umber_4_4.17.25	514.0	   0.0680	   0.0681	   0.2060	   0.2060	   0.5554	   0.5433	   0.8998	 *
raw_umber_4_4.17.25	512.0	   0.0670	   0.0670	   0.2020	   0.2019	   0.5682	   0.5430	   0.8999	 *
raw_umber_4_4.17.25	510.0	   0.0660	   0.0660	   0.1980	   0.1981	   0.5807	   0.5426	   0.9002	 *
raw_umber_4_4.17.25	508.0	   0.0650	   0.0650	   0.1940	   0.1941	   0.5935	   0.5427	   0.9001	 *
raw_umber_4_4.17.25	506.0	   0.0630	   0.0630	   0.1910	   0.1911	   0.6124	   0.5320	   0.9000	 *
raw_umber_4_4.17.25	504.0	   0.0620	   0.0620	   0.1870	   0.1870	   0.6270	   0.5310	   0.9002	 *
raw_umber_4_4.17.25	502.0	   0.0610	   0.0610	   0.1830	   0.1830	   0.6417	   0.5303	   0.8999	 *
raw_umber_4_4.17.25	500.0	   0.0610	   0.0610	   0.1800	   0.1799	   0.6471	   0.5365	   0.9000	 *
raw_umber_4_4.17.25	498.0	   0.0600	   0.0599	   0.1770	   0.1770	   0.6610	   0.5327	   0.9001	 *
raw_umber_4_4.17.25	496.0	   0.0590	   0.0590	   0.1730	   0.1729	   0.6766	   0.5321	   0.8999	 *
raw_umber_4_4.17.25	494.0	   0.0580	   0.0580	   0.1700	   0.1700	   0.6913	   0.5282	   0.9001	 *
raw_umber_4_4.17.25	492.0	   0.0570	   0.0570	   0.1660	   0.1660	   0.7082	   0.5268	   0.8999	 *
raw_umber_4_4.17.25	490.0	   0.0560	   0.0561	   0.1630	   0.1630	   0.7240	   0.5226	   0.8999	 *
raw_umber_4_4.17.25	488.0	   0.0560	   0.0561	   0.1600	   0.1600	   0.7300	   0.5291	   0.9000	 *
raw_umber_4_4.17.25	486.0	   0.0550	   0.0551	   0.1570	   0.1570	   0.7469	   0.5244	   0.8997	 *
raw_umber_4_4.17.25	484.0	   0.0540	   0.0540	   0.1540	   0.1541	   0.7648	   0.5186	   0.8999	 *
raw_umber_4_4.17.25	482.0	   0.0540	   0.0539	   0.1510	   0.1510	   0.7728	   0.5241	   0.9000	 *
raw_umber_4_4.17.25	480.0	   0.0540	   0.0540	   0.1490	   0.1490	   0.7772	   0.5285	   0.9002	 *
raw_umber_4_4.17.25	478.0	   0.0530	   0.0529	   0.1460	   0.1460	   0.7966	   0.5224	   0.9003	 *
raw_umber_4_4.17.25	476.0	   0.0530	   0.0530	   0.1440	   0.1440	   0.8010	   0.5274	   0.9001	 *
raw_umber_4_4.17.25	474.0	   0.0520	   0.0521	   0.1420	   0.1420	   0.8172	   0.5206	   0.8999	 *
raw_umber_4_4.17.25	472.0	   0.0520	   0.0520	   0.1390	   0.1390	   0.8256	   0.5265	   0.9000	 *
raw_umber_4_4.17.25	470.0	   0.0520	   0.0520	   0.1370	   0.1370	   0.8312	   0.5304	   0.9000	 *
raw_umber_4_4.17.25	468.0	   0.0520	   0.0520	   0.1350	   0.1349	   0.8365	   0.5355	   0.9001	 *
raw_umber_4_4.17.25	466.0	   0.0510	   0.0510	   0.1320	   0.1320	   0.8572	   0.5289	   0.8999	 *
raw_umber_4_4.17.25	464.0	   0.0510	   0.0510	   0.1300	   0.1300	   0.8631	   0.5337	   0.8999	 *
raw_umber_4_4.17.25	462.0	   0.0500	   0.0500	   0.1280	   0.1280	   0.8834	   0.5235	   0.9001	 *
raw_umber_4_4.17.25	460.0	   0.0500	   0.0500	   0.1250	   0.1250	   0.8923	   0.5302	   0.9003	 *
raw_umber_4_4.17.25	458.0	   0.0500	   0.0500	   0.1230	   0.1229	   0.8979	   0.5361	   0.8999	 *
raw_umber_4_4.17.25	456.0	   0.0500	   0.0500	   0.1210	   0.1210	   0.9047	   0.5398	   0.9001	 *
raw_umber_4_4.17.25	454.0	   0.0490	   0.0489	   0.1180	   0.1180	   0.9303	   0.5311	   0.9002	 *
raw_umber_4_4.17.25	452.0	   0.0490	   0.0490	   0.1150	   0.1150	   0.9382	   0.5401	   0.9000	 *
raw_umber_4_4.17.25	450.0	   0.0490	   0.0489	   0.1120	   0.1120	   0.9503	   0.5458	   0.9004	 *
raw_umber_4_4.17.25	448.0	   0.0480	   0.0479	   0.1090	   0.1090	   0.9766	   0.5379	   0.9001	 *
raw_umber_4_4.17.25	446.0	   0.0480	   0.0480	   0.1060	   0.1059	   0.9865	   0.5471	   0.9000	 *
raw_umber_4_4.17.25	444.0	   0.0470	   0.0470	   0.1020	   0.1021	   1.0198	   0.5391	   0.9000	 *
raw_umber_4_4.17.25	442.0	   0.0470	   0.0470	   0.0990	   0.0989	   1.0314	   0.5481	   0.9000	 *
raw_umber_4_4.17.25	440.0	   0.0460	   0.0459	   0.0950	   0.0950	   1.0691	   0.5384	   0.9003	 *
raw_umber_4_4.17.25	438.0	   0.0460	   0.0460	   0.0910	   0.0909	   1.0858	   0.5506	   0.9002	 *
raw_umber_4_4.17.25	436.0	   0.0450	   0.0450	   0.0870	   0.0871	   1.1245	   0.5418	   0.9002	 *
raw_umber_4_4.17.25	434.0	   0.0440	   0.0440	   0.0830	   0.0830	   1.1674	   0.5329	   0.9000	 *
raw_umber_4_4.17.25	432.0	   0.0440	   0.0441	   0.0790	   0.0790	   1.1875	   0.5454	   0.8998	 *
raw_umber_4_4.17.25	430.0	   0.0430	   0.0430	   0.0760	   0.0760	   1.2317	   0.5292	   0.8999	 *
raw_umber_4_4.17.25	428.0	   0.0430	   0.0429	   0.0720	   0.0720	   1.2563	   0.5401	   0.9004	 *
raw_umber_4_4.17.25	426.0	   0.0430	   0.0430	   0.0690	   0.0690	   1.2741	   0.5505	   0.9003	 *
raw_umber_4_4.17.25	424.0	   0.0420	   0.0420	   0.0670	   0.0669	   1.3142	   0.5333	   0.9002	 *
raw_umber_4_4.17.25	422.0	   0.0420	   0.0420	   0.0640	   0.0640	   1.3366	   0.5407	   0.9002	 *
raw_umber_4_4.17.25	420.0	   0.0420	   0.0420	   0.0620	   0.0620	   1.3494	   0.5492	   0.9000	 *
raw_umber_4_4.17.25	418.0	   0.0420	   0.0420	   0.0590	   0.0591	   1.3711	   0.5590	   0.9001	 *
raw_umber_4_4.17.25	416.0	   0.0410	   0.0410	   0.0570	   0.0569	   1.4198	   0.5386	   0.8997	 *
raw_umber_4_4.17.25	414.0	   0.0410	   0.0410	   0.0550	   0.0550	   1.4359	   0.5458	   0.8998	 *
raw_umber_4_4.17.25	412.0	   0.0410	   0.0410	   0.0530	   0.0530	   1.4551	   0.5514	   0.9001	 *
raw_umber_4_4.17.25	410.0	   0.0410	   0.0410	   0.0510	   0.0510	   1.4696	   0.5608	   0.8997	 *
raw_umber_4_4.17.25	408.0	   0.0410	   0.0410	   0.0490	   0.0489	   1.4910	   0.5675	   0.8997	 *
raw_umber_4_4.17.25	406.0	   0.0410	   0.0410	   0.0470	   0.0470	   1.5103	   0.5742	   0.9003	 *
raw_umber_4_4.17.25	404.0	   0.0410	   0.0410	   0.0460	   0.0460	   1.5184	   0.5810	   0.8999	 *
raw_umber_4_4.17.25	402.0	   0.0410	   0.0411	   0.0440	   0.0440	   1.5382	   0.5902	   0.8997	 *
raw_umber_4_4.17.25	400.0	   0.0410	   0.0410	   0.0430	   0.0430	   1.5521	   0.5916	   0.9002	 *
raw_umber_5_4.17.25	750.0	   0.1290	   0.1290	   0.3550	   0.3551	   0.2174	   0.5322	   0.9000	 *
raw_umber_5_4.17.25	748.0	   0.1290	   0.1290	   0.3540	   0.3540	   0.2179	   0.5340	   0.8999	 *
raw_umber_5_4.17.25	746.0	   0.1290	   0.1290	   0.3540	   0.3540	   0.2179	   0.5340	   0.8999	 *
raw_umber_5_4.17.25	744.0	   0.1280	   0.1280	   0.3530	   0.3530	   0.2201	   0.5323	   0.9000	 *
raw_umber_5_4.17.25	742.0	   0.1280	   0.1280	   0.3520	   0.3521	   0.2206	   0.5337	   0.9000	 *
raw_umber_5_4.17.25	740.0	   0.1280	   0.1280	   0.3520	   0.3521	   0.2206	   0.5337	   0.9000	 *
raw_umber_5_4.17.25	738.0	   0.1270	   0.1270	   0.3510	   0.3510	   0.2228	   0.5323	   0.9000	 *
raw_umber_5_4.17.25	736.0	   0.1270	   0.1269	   0.3490	   0.3490	   0.2240	   0.5353	   0.9000	 *
raw_umber_5_4.17.25	734.0	   0.1270	   0.1269	   0.3490	   0.3490	   0.2240	   0.5353	   0.9000	 *
raw_umber_5_4.17.25	732.0	   0.1270	   0.1270	   0.3480	   0.3479	   0.2245	   0.5372	   0.9000	 *
raw_umber_5_4.17.25	730.0	   0.1270	   0.1270	   0.3470	   0.3469	   0.2251	   0.5387	   0.9000	 *
raw_umber_5_4.17.25	728.0	   0.1260	   0.1259	   0.3450	   0.3450	   0.2279	   0.5384	   0.9000	 *
raw_umber_5_4.17.25	726.0	   0.1260	   0.1260	   0.3440	   0.3440	   0.2283	   0.5403	   0.9000	 *
raw_umber_5_4.17.25	724.0	   0.1260	   0.1260	   0.3440	   0.3440	   0.2283	   0.5403	   0.9000	 *
raw_umber_5_4.17.25	722.0	   0.1260	   0.1260	   0.3430	   0.3431	   0.2289	   0.5418	   0.9000	 *
raw_umber_5_4.17.25	720.0	   0.1260	   0.1259	   0.3420	   0.3420	   0.2297	   0.5432	   0.9000	 *
raw_umber_5_4.17.25	718.0	   0.1260	   0.1260	   0.3410	   0.3410	   0.2303	   0.5450	   0.9000	 *
raw_umber_5_4.17.25	716.0	   0.1250	   0.1250	   0.3400	   0.3400	   0.2323	   0.5434	   0.9000	 *
raw_umber_5_4.17.25	714.0	   0.1250	   0.1249	   0.3390	   0.3390	   0.2331	   0.5449	   0.9001	 *
raw_umber_5_4.17.25	712.0	   0.1250	   0.1251	   0.3380	   0.3380	   0.2335	   0.5470	   0.8999	 *
raw_umber_5_4.17.25	710.0	   0.1240	   0.1240	   0.3370	   0.3370	   0.2358	   0.5452	   0.9000	 *
raw_umber_5_4.17.25	708.0	   0.1240	   0.1240	   0.3350	   0.3351	   0.2371	   0.5481	   0.9001	 *
raw_umber_5_4.17.25	706.0	   0.1240	   0.1240	   0.3340	   0.3341	   0.2376	   0.5498	   0.9001	 *
raw_umber_5_4.17.25	704.0	   0.1240	   0.1239	   0.3330	   0.3330	   0.2384	   0.5515	   0.9001	 *
raw_umber_5_4.17.25	702.0	   0.1240	   0.1240	   0.3320	   0.3320	   0.2389	   0.5533	   0.9000	 *
raw_umber_5_4.17.25	700.0	   0.1230	   0.1229	   0.3300	   0.3300	   0.2419	   0.5530	   0.9001	 *
raw_umber_5_4.17.25	698.0	   0.1230	   0.1230	   0.3290	   0.3290	   0.2423	   0.5550	   0.9000	 *
raw_umber_5_4.17.25	696.0	   0.1230	   0.1230	   0.3270	   0.3270	   0.2437	   0.5583	   0.9000	 *
raw_umber_5_4.17.25	694.0	   0.1220	   0.1220	   0.3260	   0.3260	   0.2460	   0.5564	   0.9000	 *
raw_umber_5_4.17.25	692.0	   0.1220	   0.1220	   0.3250	   0.3250	   0.2467	   0.5581	   0.9000	 *
raw_umber_5_4.17.25	690.0	   0.1220	   0.1220	   0.3240	   0.3240	   0.2473	   0.5600	   0.9000	 *
raw_umber_5_4.17.25	688.0	   0.1220	   0.1221	   0.3230	   0.3230	   0.2478	   0.5620	   0.8999	 *
raw_umber_5_4.17.25	686.0	   0.1210	   0.1210	   0.3210	   0.3210	   0.2509	   0.5616	   0.9000	 *
raw_umber_5_4.17.25	684.0	   0.1210	   0.1210	   0.3200	   0.3200	   0.2515	   0.5634	   0.9000	 *
raw_umber_5_4.17.25	682.0	   0.1210	   0.1211	   0.3180	   0.3180	   0.2528	   0.5670	   0.9000	 *
raw_umber_5_4.17.25	680.0	   0.1200	   0.1201	   0.3170	   0.3170	   0.2552	   0.5651	   0.8999	 *
raw_umber_5_4.17.25	678.0	   0.1200	   0.1201	   0.3160	   0.3160	   0.2558	   0.5670	   0.9000	 *
raw_umber_5_4.17.25	676.0	   0.1200	   0.1200	   0.3150	   0.3150	   0.2567	   0.5684	   0.9001	 *
raw_umber_5_4.17.25	674.0	   0.1200	   0.1200	   0.3140	   0.3140	   0.2573	   0.5701	   0.9001	 *
raw_umber_5_4.17.25	672.0	   0.1200	   0.1200	   0.3130	   0.3130	   0.2580	   0.5719	   0.9000	 *
raw_umber_5_4.17.25	670.0	   0.1190	   0.1190	   0.3120	   0.3120	   0.2604	   0.5700	   0.9000	 *
raw_umber_5_4.17.25	668.0	   0.1190	   0.1190	   0.3100	   0.3100	   0.2618	   0.5736	   0.9000	 *
raw_umber_5_4.17.25	666.0	   0.1190	   0.1190	   0.3100	   0.3100	   0.2618	   0.5736	   0.9000	 *
raw_umber_5_4.17.25	664.0	   0.1180	   0.1179	   0.3080	   0.3080	   0.2650	   0.5733	   0.9000	 *
raw_umber_5_4.17.25	662.0	   0.1180	   0.1180	   0.3070	   0.3070	   0.2657	   0.5752	   0.9000	 *
raw_umber_5_4.17.25	660.0	   0.1180	   0.1180	   0.3060	   0.3060	   0.2662	   0.5772	   0.9000	 *
raw_umber_5_4.17.25	658.0	   0.1170	   0.1170	   0.3050	   0.3051	   0.2687	   0.5751	   0.9000	 *
raw_umber_5_4.17.25	656.0	   0.1170	   0.1170	   0.3030	   0.3030	   0.2703	   0.5786	   0.9000	 *
raw_umber_5_4.17.25	654.0	   0.1160	   0.1160	   0.3010	   0.3011	   0.2734	   0.5784	   0.9000	 *
raw_umber_5_4.17.25	652.0	   0.1160	   0.1161	   0.3000	   0.3000	   0.2740	   0.5806	   0.9000	 *
raw_umber_5_4.17.25	650.0	   0.1160	   0.1161	   0.2990	   0.2990	   0.2747	   0.5825	   0.9000	 *
raw_umber_5_4.17.25	648.0	   0.1160	   0.1160	   0.2970	   0.2971	   0.2762	   0.5857	   0.9001	 *
raw_umber_5_4.17.25	646.0	   0.1150	   0.1150	   0.2960	   0.2960	   0.2789	   0.5839	   0.9000	 *
raw_umber_5_4.17.25	644.0	   0.1150	   0.1150	   0.2950	   0.2950	   0.2796	   0.5858	   0.8999	 *
raw_umber_5_4.17.25	642.0	   0.1150	   0.1150	   0.2940	   0.2941	   0.2804	   0.5873	   0.9001	 *
raw_umber_5_4.17.25	640.0	   0.1140	   0.1140	   0.2930	   0.2930	   0.2832	   0.5854	   0.9000	 *
raw_umber_5_4.17.25	638.0	   0.1140	   0.1140	   0.2920	   0.2921	   0.2838	   0.5870	   0.9001	 *
raw_umber_5_4.17.25	636.0	   0.1140	   0.1140	   0.2910	   0.2910	   0.2845	   0.5893	   0.9000	 *
raw_umber_5_4.17.25	634.0	   0.1140	   0.1140	   0.2900	   0.2901	   0.2852	   0.5911	   0.9000	 *
raw_umber_5_4.17.25	632.0	   0.1130	   0.1129	   0.2880	   0.2880	   0.2889	   0.5906	   0.9001	 *
raw_umber_5_4.17.25	630.0	   0.1130	   0.1130	   0.2870	   0.2870	   0.2896	   0.5924	   0.9000	 *
raw_umber_5_4.17.25	628.0	   0.1130	   0.1130	   0.2850	   0.2851	   0.2910	   0.5964	   0.9001	 *
raw_umber_5_4.17.25	626.0	   0.1130	   0.1129	   0.2840	   0.2840	   0.2920	   0.5980	   0.9001	 *
raw_umber_5_4.17.25	624.0	   0.1120	   0.1119	   0.2820	   0.2820	   0.2955	   0.5977	   0.9001	 *
raw_umber_5_4.17.25	622.0	   0.1120	   0.1120	   0.2810	   0.2810	   0.2961	   0.6002	   0.9000	 *
raw_umber_5_4.17.25	620.0	   0.1120	   0.1121	   0.2790	   0.2790	   0.2975	   0.6042	   0.9000	 *
raw_umber_5_4.17.25	618.0	   0.1110	   0.1111	   0.2770	   0.2770	   0.3012	   0.6040	   0.8999	 *
raw_umber_5_4.17.25	616.0	   0.1110	   0.1111	   0.2760	   0.2760	   0.3020	   0.6059	   0.8999	 *
raw_umber_5_4.17.25	614.0	   0.1100	   0.1100	   0.2740	   0.2741	   0.3057	   0.6052	   0.9000	 *
raw_umber_5_4.17.25	612.0	   0.1100	   0.1099	   0.2730	   0.2730	   0.3068	   0.6070	   0.9000	 *
raw_umber_5_4.17.25	610.0	   0.1100	   0.1100	   0.2720	   0.2720	   0.3075	   0.6090	   0.9000	 *
raw_umber_5_4.17.25	608.0	   0.1090	   0.1090	   0.2700	   0.2700	   0.3112	   0.6087	   0.9001	 *
raw_umber_5_4.17.25	606.0	   0.1090	   0.1091	   0.2690	   0.2690	   0.3119	   0.6111	   0.9000	 *
raw_umber_5_4.17.25	604.0	   0.1090	   0.1089	   0.2670	   0.2670	   0.3138	   0.6145	   0.9000	 *
raw_umber_5_4.17.25	602.0	   0.1080	   0.1079	   0.2650	   0.2650	   0.3177	   0.6142	   0.9000	 *
raw_umber_5_4.17.25	600.0	   0.1080	   0.1079	   0.2640	   0.2640	   0.3185	   0.6162	   0.9001	 *
raw_umber_5_4.17.25	598.0	   0.1070	   0.1070	   0.2620	   0.2620	   0.3224	   0.6158	   0.9000	 *
raw_umber_5_4.17.25	596.0	   0.1060	   0.1060	   0.2590	   0.2590	   0.3272	   0.6177	   0.9000	 *
raw_umber_5_4.17.25	594.0	   0.1060	   0.1060	   0.2570	   0.2571	   0.3288	   0.6218	   0.9000	 *
raw_umber_5_4.17.25	592.0	   0.1050	   0.1050	   0.2550	   0.2550	   0.3332	   0.6212	   0.9000	 *
raw_umber_5_4.17.25	590.0	   0.1040	   0.1040	   0.2530	   0.2530	   0.3372	   0.6210	   0.8999	 *
raw_umber_5_4.17.25	588.0	   0.1030	   0.1030	   0.2500	   0.2500	   0.3424	   0.6225	   0.9000	 *
raw_umber_5_4.17.25	586.0	   0.1030	   0.1029	   0.2470	   0.2470	   0.3453	   0.6285	   0.9001	 *
raw_umber_5_4.17.25	584.0	   0.1020	   0.1020	   0.2450	   0.2450	   0.3495	   0.6282	   0.8999	 *
raw_umber_5_4.17.25	582.0	   0.1010	   0.1009	   0.2420	   0.2420	   0.3551	   0.6292	   0.9001	 *
raw_umber_5_4.17.25	580.0	   0.1000	   0.0999	   0.2390	   0.2390	   0.3607	   0.6308	   0.9001	 *
raw_umber_5_4.17.25	578.0	   0.0990	   0.0990	   0.2360	   0.2360	   0.3660	   0.6325	   0.9000	 *
raw_umber_5_4.17.25	576.0	   0.0970	   0.0971	   0.2330	   0.2330	   0.3746	   0.6291	   0.9000	 *
raw_umber_5_4.17.25	574.0	   0.0960	   0.0960	   0.2300	   0.2300	   0.3807	   0.6300	   0.9000	 *
raw_umber_5_4.17.25	572.0	   0.0940	   0.0940	   0.2270	   0.2269	   0.3899	   0.6263	   0.9000	 *
raw_umber_5_4.17.25	570.0	   0.0930	   0.0930	   0.2230	   0.2230	   0.3970	   0.6296	   0.9000	 *
raw_umber_5_4.17.25	568.0	   0.0910	   0.0911	   0.2190	   0.2190	   0.4077	   0.6276	   0.9000	 *
raw_umber_5_4.17.25	566.0	   0.0900	   0.0900	   0.2160	   0.2160	   0.4145	   0.6285	   0.9000	 *
raw_umber_5_4.17.25	564.0	   0.0880	   0.0880	   0.2120	   0.2120	   0.4261	   0.6256	   0.9000	 *
raw_umber_5_4.17.25	562.0	   0.0860	   0.0860	   0.2080	   0.2080	   0.4381	   0.6227	   0.9000	 *
raw_umber_5_4.17.25	560.0	   0.0850	   0.0850	   0.2030	   0.2030	   0.4478	   0.6283	   0.9000	 *
raw_umber_5_4.17.25	558.0	   0.0830	   0.0829	   0.1990	   0.1990	   0.4609	   0.6246	   0.9000	 *
raw_umber_5_4.17.25	556.0	   0.0810	   0.0810	   0.1940	   0.1940	   0.4756	   0.6235	   0.9000	 *
raw_umber_5_4.17.25	554.0	   0.0790	   0.0790	   0.1900	   0.1900	   0.4898	   0.6193	   0.9000	 *
raw_umber_5_4.17.25	552.0	   0.0770	   0.0771	   0.1850	   0.1850	   0.5057	   0.6178	   0.9000	 *
raw_umber_5_4.17.25	550.0	   0.0750	   0.0751	   0.1810	   0.1810	   0.5213	   0.6128	   0.9000	 *
raw_umber_5_4.17.25	548.0	   0.0740	   0.0741	   0.1760	   0.1760	   0.5340	   0.6173	   0.8998	 *
raw_umber_5_4.17.25	546.0	   0.0720	   0.0720	   0.1720	   0.1720	   0.5514	   0.6109	   0.9000	 *
raw_umber_5_4.17.25	544.0	   0.0710	   0.0710	   0.1680	   0.1680	   0.5634	   0.6133	   0.9000	 *
raw_umber_5_4.17.25	542.0	   0.0700	   0.0699	   0.1640	   0.1640	   0.5766	   0.6140	   0.9000	 *
raw_umber_5_4.17.25	540.0	   0.0680	   0.0681	   0.1600	   0.1600	   0.5950	   0.6082	   0.8999	 *
raw_umber_5_4.17.25	538.0	   0.0670	   0.0671	   0.1560	   0.1560	   0.6087	   0.6097	   0.8998	 *
raw_umber_5_4.17.25	536.0	   0.0650	   0.0650	   0.1530	   0.1530	   0.6288	   0.5982	   0.9001	 *
raw_umber_5_4.17.25	534.0	   0.0640	   0.0640	   0.1490	   0.1489	   0.6438	   0.5994	   0.8999	 *
raw_umber_5_4.17.25	532.0	   0.0630	   0.0630	   0.1450	   0.1450	   0.6595	   0.5998	   0.8999	 *
raw_umber_5_4.17.25	530.0	   0.0620	   0.0620	   0.1420	   0.1420	   0.6732	   0.5978	   0.9000	 *
raw_umber_5_4.17.25	528.0	   0.0610	   0.0610	   0.1380	   0.1379	   0.6907	   0.5976	   0.9000	 *
raw_umber_5_4.17.25	526.0	   0.0600	   0.0600	   0.1350	   0.1349	   0.7060	   0.5949	   0.8999	 *
raw_umber_5_4.17.25	524.0	   0.0590	   0.0590	   0.1310	   0.1310	   0.7240	   0.5947	   0.9000	 *
raw_umber_5_4.17.25	522.0	   0.0580	   0.0580	   0.1280	   0.1280	   0.7412	   0.5907	   0.9001	 *
raw_umber_5_4.17.25	520.0	   0.0570	   0.0570	   0.1250	   0.1249	   0.7589	   0.5874	   0.9001	 *
raw_umber_5_4.17.25	518.0	   0.0560	   0.0560	   0.1220	   0.1221	   0.7762	   0.5838	   0.9000	 *
raw_umber_5_4.17.25	516.0	   0.0560	   0.0559	   0.1190	   0.1190	   0.7856	   0.5908	   0.9001	 *
raw_umber_5_4.17.25	514.0	   0.0550	   0.0550	   0.1160	   0.1160	   0.8044	   0.5867	   0.9002	 *
raw_umber_5_4.17.25	512.0	   0.0540	   0.0540	   0.1130	   0.1130	   0.8247	   0.5821	   0.9000	 *
raw_umber_5_4.17.25	510.0	   0.0530	   0.0530	   0.1100	   0.1100	   0.8461	   0.5770	   0.8999	 *
raw_umber_5_4.17.25	508.0	   0.0530	   0.0531	   0.1070	   0.1070	   0.8543	   0.5866	   0.8997	 *
raw_umber_5_4.17.25	506.0	   0.0520	   0.0520	   0.1040	   0.1040	   0.8781	   0.5800	   0.9001	 *
raw_umber_5_4.17.25	504.0	   0.0510	   0.0510	   0.1010	   0.1010	   0.9015	   0.5742	   0.8997	 *
raw_umber_5_4.17.25	502.0	   0.0510	   0.0510	   0.0990	   0.0990	   0.9086	   0.5801	   0.9000	 *
raw_umber_5_4.17.25	500.0	   0.0500	   0.0500	   0.0960	   0.0959	   0.9349	   0.5728	   0.9000	 *
raw_umber_5_4.17.25	498.0	   0.0500	   0.0500	   0.0940	   0.0940	   0.9428	   0.5781	   0.9000	 *
raw_umber_5_4.17.25	496.0	   0.0490	   0.0490	   0.0910	   0.0910	   0.9697	   0.5710	   0.8999	 *
raw_umber_5_4.17.25	494.0	   0.0490	   0.0490	   0.0890	   0.0890	   0.9779	   0.5765	   0.9003	 *
raw_umber_5_4.17.25	492.0	   0.0480	   0.0480	   0.0860	   0.0861	   1.0067	   0.5689	   0.9002	 *
raw_umber_5_4.17.25	490.0	   0.0480	   0.0479	   0.0840	   0.0840	   1.0177	   0.5732	   0.9003	 *
raw_umber_5_4.17.25	488.0	   0.0480	   0.0481	   0.0820	   0.0820	   1.0241	   0.5821	   0.8998	 *
raw_umber_5_4.17.25	486.0	   0.0470	   0.0470	   0.0800	   0.0800	   1.0533	   0.5681	   0.9003	 *
raw_umber_5_4.17.25	484.0	   0.0470	   0.0471	   0.0780	   0.0780	   1.0616	   0.5760	   0.8998	 *
raw_umber_5_4.17.25	482.0	   0.0460	   0.0461	   0.0760	   0.0760	   1.0906	   0.5638	   0.8998	 *
raw_umber_5_4.17.25	480.0	   0.0460	   0.0460	   0.0740	   0.0740	   1.1036	   0.5677	   0.9002	 *
raw_umber_5_4.17.25	478.0	   0.0460	   0.0460	   0.0720	   0.0720	   1.1126	   0.5759	   0.8999	 *
raw_umber_5_4.17.25	476.0	   0.0460	   0.0460	   0.0710	   0.0711	   1.1191	   0.5773	   0.9000	 *
raw_umber_5_4.17.25	474.0	   0.0460	   0.0460	   0.0690	   0.0690	   1.1304	   0.5843	   0.9000	 *
raw_umber_5_4.17.25	472.0	   0.0450	   0.0449	   0.0680	   0.0680	   1.1590	   0.5659	   0.9001	 *
raw_umber_5_4.17.25	470.0	   0.0450	   0.0449	   0.0660	   0.0660	   1.1706	   0.5727	   0.9002	 *
raw_umber_5_4.17.25	468.0	   0.0450	   0.0451	   0.0650	   0.0650	   1.1744	   0.5789	   0.8996	 *
raw_umber_5_4.17.25	466.0	   0.0450	   0.0450	   0.0630	   0.0630	   1.1870	   0.5856	   0.8999	 *
raw_umber_5_4.17.25	464.0	   0.0440	   0.0440	   0.0620	   0.0619	   1.2191	   0.5655	   0.9001	 *
raw_umber_5_4.17.25	462.0	   0.0440	   0.0440	   0.0600	   0.0599	   1.2312	   0.5736	   0.8997	 *
raw_umber_5_4.17.25	460.0	   0.0440	   0.0440	   0.0590	   0.0589	   1.2383	   0.5771	   0.8996	 *
raw_umber_5_4.17.25	458.0	   0.0440	   0.0440	   0.0570	   0.0570	   1.2517	   0.5841	   0.8997	 *
raw_umber_5_4.17.25	456.0	   0.0440	   0.0440	   0.0560	   0.0560	   1.2603	   0.5865	   0.9001	 *
raw_umber_5_4.17.25	454.0	   0.0440	   0.0440	   0.0540	   0.0541	   1.2735	   0.5958	   0.8998	 *
raw_umber_5_4.17.25	452.0	   0.0440	   0.0440	   0.0530	   0.0531	   1.2809	   0.5998	   0.9000	 *
raw_umber_5_4.17.25	450.0	   0.0440	   0.0440	   0.0510	   0.0510	   1.2978	   0.6083	   0.9000	 *
raw_umber_5_4.17.25	448.0	   0.0430	   0.0430	   0.0490	   0.0490	   1.3430	   0.5896	   0.8998	 *
raw_umber_5_4.17.25	446.0	   0.0430	   0.0430	   0.0470	   0.0470	   1.3586	   0.5995	   0.8996	 *
raw_umber_5_4.17.25	444.0	   0.0430	   0.0430	   0.0450	   0.0450	   1.3766	   0.6087	   0.8998	 *
raw_umber_5_4.17.25	442.0	   0.0430	   0.0430	   0.0420	   0.0420	   1.4058	   0.6222	   0.8996	 *
raw_umber_5_4.17.25	440.0	   0.0420	   0.0420	   0.0400	   0.0400	   1.4581	   0.6028	   0.8998	 *
raw_umber_5_4.17.25	438.0	   0.0420	   0.0420	   0.0380	   0.0381	   1.4811	   0.6112	   0.9002	 *
raw_umber_5_4.17.25	436.0	   0.0420	   0.0420	   0.0360	   0.0360	   1.5042	   0.6230	   0.9000	 *
raw_umber_5_4.17.25	434.0	   0.0410	   0.0410	   0.0330	   0.0329	   1.5796	   0.6065	   0.9000	 *
raw_umber_5_4.17.25	432.0	   0.0410	   0.0410	   0.0310	   0.0310	   1.6057	   0.6183	   0.9002	 *
raw_umber_5_4.17.25	430.0	   0.0410	   0.0409	   0.0290	   0.0290	   1.6385	   0.6264	   0.9004	 *
raw_umber_5_4.17.25	428.0	   0.0400	   0.0400	   0.0280	   0.0281	   1.6917	   0.5989	   0.9005	 *
raw_umber_5_4.17.25	426.0	   0.0400	   0.0400	   0.0260	   0.0260	   1.7271	   0.6114	   0.8999	 *
raw_umber_5_4.17.25	424.0	   0.0400	   0.0400	   0.0250	   0.0251	   1.7404	   0.6198	   0.9000	 *
raw_umber_5_4.17.25	422.0	   0.0400	   0.0401	   0.0230	   0.0230	   1.7765	   0.6368	   0.8996	 *
raw_umber_5_4.17.25	420.0	   0.0400	   0.0400	   0.0220	   0.0220	   1.8034	   0.6391	   0.9003	 *
raw_umber_5_4.17.25	418.0	   0.0390	   0.0390	   0.0210	   0.0210	   1.8692	   0.6070	   0.8999	 *
raw_umber_5_4.17.25	416.0	   0.0390	   0.0390	   0.0200	   0.0200	   1.8915	   0.6151	   0.8995	 *
raw_umber_5_4.17.25	414.0	   0.0390	   0.0389	   0.0190	   0.0190	   1.9207	   0.6201	   0.9003	 *
raw_umber_5_4.17.25	412.0	   0.0390	   0.0390	   0.0180	   0.0180	   1.9435	   0.6303	   0.9005	 *
raw_umber_5_4.17.25	410.0	   0.0390	   0.0389	   0.0170	   0.0170	   1.9727	   0.6361	   0.9004	 *
raw_umber_5_4.17.25	408.0	   0.0390	   0.0390	   0.0160	   0.0160	   1.9964	   0.6510	   0.8992	 *
raw_umber_5_4.17.25	406.0	   0.0390	   0.0390	   0.0160	   0.0160	   1.9964	   0.6510	   0.8992	 *
raw_umber_5_4.17.25	404.0	   0.0390	   0.0390	   0.0150	   0.0150	   2.0269	   0.6570	   0.9003	 *
raw_umber_5_4.17.25	402.0	   0.0390	   0.0390	   0.0140	   0.0139	   2.0599	   0.6718	   0.8993	 *
raw_umber_5_4.17.25	400.0	   0.0390	   0.0391	   0.0130	   0.0130	   2.0913	   0.6844	   0.8998	 *
raw_umber_6_4.17.25	750.0	   0.1120	   0.1120	   0.2780	   0.2780	   0.2862	   0.5806	   0.9001	 *
raw_umber_6_4.17.25	748.0	   0.1120	   0.1120	   0.2770	   0.2770	   0.2868	   0.5827	   0.8999	 *
raw_umber_6_4.17.25	746.0	   0.1120	   0.1120	   0.2770	   0.2770	   0.2868	   0.5827	   0.8999	 *
raw_umber_6_4.17.25	744.0	   0.1110	   0.1111	   0.2760	   0.2760	   0.2895	   0.5808	   0.8999	 *
raw_umber_6_4.17.25	742.0	   0.1110	   0.1110	   0.2750	   0.2751	   0.2903	   0.5824	   0.9000	 *
raw_umber_6_4.17.25	740.0	   0.1100	   0.1101	   0.2740	   0.2740	   0.2931	   0.5805	   0.9000	 *
raw_umber_6_4.17.25	738.0	   0.1100	   0.1100	   0.2730	   0.2730	   0.2939	   0.5823	   0.8999	 *
raw_umber_6_4.17.25	736.0	   0.1090	   0.1090	   0.2720	   0.2720	   0.2969	   0.5799	   0.9000	 *
raw_umber_6_4.17.25	734.0	   0.1090	   0.1090	   0.2710	   0.2710	   0.2977	   0.5817	   0.9000	 *
raw_umber_6_4.17.25	732.0	   0.1100	   0.1100	   0.2690	   0.2690	   0.2970	   0.5899	   0.8999	 *
raw_umber_6_4.17.25	730.0	   0.1100	   0.1100	   0.2680	   0.2680	   0.2978	   0.5917	   0.9000	 *
raw_umber_6_4.17.25	728.0	   0.1100	   0.1100	   0.2670	   0.2670	   0.2986	   0.5934	   0.9000	 *
raw_umber_6_4.17.25	726.0	   0.1090	   0.1090	   0.2660	   0.2660	   0.3015	   0.5911	   0.9000	 *
raw_umber_6_4.17.25	724.0	   0.1090	   0.1090	   0.2660	   0.2660	   0.3015	   0.5911	   0.9000	 *
raw_umber_6_4.17.25	722.0	   0.1080	   0.1079	   0.2650	   0.2650	   0.3046	   0.5888	   0.9000	 *
raw_umber_6_4.17.25	720.0	   0.1080	   0.1079	   0.2640	   0.2640	   0.3053	   0.5907	   0.9001	 *
raw_umber_6_4.17.25	718.0	   0.1080	   0.1080	   0.2630	   0.2629	   0.3061	   0.5931	   0.8999	 *
raw_umber_6_4.17.25	716.0	   0.1080	   0.1080	   0.2620	   0.2621	   0.3067	   0.5948	   0.9000	 *
raw_umber_6_4.17.25	714.0	   0.1070	   0.1069	   0.2600	   0.2600	   0.3108	   0.5943	   0.9000	 *
raw_umber_6_4.17.25	712.0	   0.1070	   0.1071	   0.2590	   0.2590	   0.3113	   0.5968	   0.8999	 *
raw_umber_6_4.17.25	710.0	   0.1070	   0.1070	   0.2570	   0.2570	   0.3130	   0.6007	   0.9000	 *
raw_umber_6_4.17.25	708.0	   0.1070	   0.1071	   0.2560	   0.2560	   0.3137	   0.6027	   0.8999	 *
raw_umber_6_4.17.25	706.0	   0.1070	   0.1070	   0.2550	   0.2550	   0.3148	   0.6043	   0.9000	 *
raw_umber_6_4.17.25	704.0	   0.1060	   0.1060	   0.2540	   0.2540	   0.3178	   0.6022	   0.9000	 *
raw_umber_6_4.17.25	702.0	   0.1060	   0.1060	   0.2530	   0.2530	   0.3186	   0.6042	   0.9000	 *
raw_umber_6_4.17.25	700.0	   0.1060	   0.1060	   0.2520	   0.2519	   0.3196	   0.6062	   0.8999	 *
raw_umber_6_4.17.25	698.0	   0.1050	   0.1051	   0.2500	   0.2500	   0.3234	   0.6059	   0.9000	 *
raw_umber_6_4.17.25	696.0	   0.1050	   0.1050	   0.2490	   0.2490	   0.3243	   0.6079	   0.9000	 *
raw_umber_6_4.17.25	694.0	   0.1050	   0.1049	   0.2480	   0.2480	   0.3254	   0.6093	   0.9000	 *
raw_umber_6_4.17.25	692.0	   0.1040	   0.1040	   0.2470	   0.2470	   0.3285	   0.6071	   0.9000	 *
raw_umber_6_4.17.25	690.0	   0.1040	   0.1040	   0.2460	   0.2460	   0.3292	   0.6095	   0.9000	 *
raw_umber_6_4.17.25	688.0	   0.1040	   0.1040	   0.2440	   0.2440	   0.3311	   0.6132	   0.9001	 *
raw_umber_6_4.17.25	686.0	   0.1040	   0.1040	   0.2430	   0.2430	   0.3320	   0.6156	   0.8999	 *
raw_umber_6_4.17.25	684.0	   0.1030	   0.1030	   0.2420	   0.2420	   0.3354	   0.6128	   0.9000	 *
raw_umber_6_4.17.25	682.0	   0.1030	   0.1030	   0.2410	   0.2409	   0.3362	   0.6152	   0.8999	 *
raw_umber_6_4.17.25	680.0	   0.1030	   0.1030	   0.2390	   0.2391	   0.3379	   0.6191	   0.9000	 *
raw_umber_6_4.17.25	678.0	   0.1020	   0.1020	   0.2380	   0.2380	   0.3413	   0.6167	   0.9000	 *
raw_umber_6_4.17.25	676.0	   0.1020	   0.1020	   0.2370	   0.2369	   0.3422	   0.6190	   0.9000	 *
raw_umber_6_4.17.25	674.0	   0.1020	   0.1020	   0.2360	   0.2360	   0.3433	   0.6206	   0.9000	 *
raw_umber_6_4.17.25	672.0	   0.1010	   0.1011	   0.2350	   0.2350	   0.3465	   0.6184	   0.8999	 *
raw_umber_6_4.17.25	670.0	   0.1010	   0.1010	   0.2340	   0.2339	   0.3475	   0.6205	   0.9000	 *
raw_umber_6_4.17.25	668.0	   0.1010	   0.1010	   0.2330	   0.2330	   0.3486	   0.6222	   0.9000	 *
raw_umber_6_4.17.25	666.0	   0.1010	   0.1010	   0.2320	   0.2320	   0.3495	   0.6245	   0.9000	 *
raw_umber_6_4.17.25	664.0	   0.1010	   0.1010	   0.2310	   0.2310	   0.3503	   0.6268	   0.9000	 *
raw_umber_6_4.17.25	662.0	   0.1010	   0.1010	   0.2290	   0.2290	   0.3522	   0.6310	   0.9000	 *
raw_umber_6_4.17.25	660.0	   0.1010	   0.1010	   0.2280	   0.2279	   0.3532	   0.6333	   0.9000	 *
raw_umber_6_4.17.25	658.0	   0.1000	   0.1000	   0.2270	   0.2270	   0.3569	   0.6301	   0.9001	 *
raw_umber_6_4.17.25	656.0	   0.1000	   0.1000	   0.2260	   0.2260	   0.3578	   0.6324	   0.9000	 *
raw_umber_6_4.17.25	654.0	   0.0990	   0.0990	   0.2240	   0.2240	   0.3623	   0.6322	   0.9000	 *
raw_umber_6_4.17.25	652.0	   0.0990	   0.0990	   0.2230	   0.2231	   0.3634	   0.6338	   0.9000	 *
raw_umber_6_4.17.25	650.0	   0.0990	   0.0990	   0.2220	   0.2220	   0.3644	   0.6361	   0.9000	 *
raw_umber_6_4.17.25	648.0	   0.0990	   0.0990	   0.2210	   0.2210	   0.3653	   0.6390	   0.8999	 *
raw_umber_6_4.17.25	646.0	   0.0980	   0.0980	   0.2200	   0.2200	   0.3692	   0.6357	   0.8999	 *
raw_umber_6_4.17.25	644.0	   0.0980	   0.0981	   0.2190	   0.2190	   0.3699	   0.6383	   0.9000	 *
raw_umber_6_4.17.25	642.0	   0.0980	   0.0980	   0.2180	   0.2180	   0.3712	   0.6399	   0.9001	 *
raw_umber_6_4.17.25	640.0	   0.0980	   0.0981	   0.2170	   0.2170	   0.3719	   0.6429	   0.9000	 *
raw_umber_6_4.17.25	638.0	   0.0970	   0.0969	   0.2150	   0.2150	   0.3772	   0.6415	   0.9000	 *
raw_umber_6_4.17.25	636.0	   0.0970	   0.0970	   0.2140	   0.2139	   0.3781	   0.6442	   0.9000	 *
raw_umber_6_4.17.25	634.0	   0.0970	   0.0970	   0.2130	   0.2131	   0.3791	   0.6462	   0.9000	 *
raw_umber_6_4.17.25	632.0	   0.0970	   0.0970	   0.2110	   0.2110	   0.3811	   0.6511	   0.8999	 *
raw_umber_6_4.17.25	630.0	   0.0970	   0.0971	   0.2100	   0.2100	   0.3820	   0.6537	   0.8999	 *
raw_umber_6_4.17.25	628.0	   0.0960	   0.0960	   0.2090	   0.2090	   0.3863	   0.6499	   0.9001	 *
raw_umber_6_4.17.25	626.0	   0.0960	   0.0960	   0.2070	   0.2070	   0.3885	   0.6546	   0.9000	 *
raw_umber_6_4.17.25	624.0	   0.0960	   0.0960	   0.2060	   0.2060	   0.3893	   0.6575	   0.9000	 *
raw_umber_6_4.17.25	622.0	   0.0960	   0.0960	   0.2050	   0.2050	   0.3905	   0.6599	   0.9000	 *
raw_umber_6_4.17.25	620.0	   0.0960	   0.0960	   0.2040	   0.2039	   0.3918	   0.6620	   0.9000	 *
raw_umber_6_4.17.25	618.0	   0.0950	   0.0950	   0.2020	   0.2020	   0.3967	   0.6614	   0.8999	 *
raw_umber_6_4.17.25	616.0	   0.0950	   0.0949	   0.2010	   0.2010	   0.3981	   0.6633	   0.9001	 *
raw_umber_6_4.17.25	614.0	   0.0940	   0.0940	   0.1990	   0.1989	   0.4035	   0.6630	   0.8999	 *
raw_umber_6_4.17.25	612.0	   0.0940	   0.0940	   0.1980	   0.1980	   0.4044	   0.6656	   0.8999	 *
raw_umber_6_4.17.25	610.0	   0.0930	   0.0930	   0.1960	   0.1960	   0.4098	   0.6645	   0.9000	 *
raw_umber_6_4.17.25	608.0	   0.0930	   0.0929	   0.1950	   0.1950	   0.4113	   0.6665	   0.9000	 *
raw_umber_6_4.17.25	606.0	   0.0930	   0.0930	   0.1930	   0.1931	   0.4134	   0.6716	   0.9000	 *
raw_umber_6_4.17.25	604.0	   0.0920	   0.0920	   0.1920	   0.1920	   0.4178	   0.6687	   0.8999	 *
raw_umber_6_4.17.25	602.0	   0.0920	   0.0921	   0.1900	   0.1900	   0.4201	   0.6737	   0.9000	 *
raw_umber_6_4.17.25	600.0	   0.0920	   0.0920	   0.1880	   0.1880	   0.4228	   0.6782	   0.9000	 *
raw_umber_6_4.17.25	598.0	   0.0910	   0.0911	   0.1870	   0.1870	   0.4271	   0.6752	   0.9000	 *
raw_umber_6_4.17.25	596.0	   0.0910	   0.0911	   0.1850	   0.1850	   0.4295	   0.6805	   0.9000	 *
raw_umber_6_4.17.25	594.0	   0.0900	   0.0900	   0.1830	   0.1831	   0.4356	   0.6790	   0.9000	 *
raw_umber_6_4.17.25	592.0	   0.0900	   0.0901	   0.1810	   0.1810	   0.4380	   0.6846	   0.9000	 *
raw_umber_6_4.17.25	590.0	   0.0890	   0.0890	   0.1780	   0.1780	   0.4459	   0.6853	   0.9001	 *
raw_umber_6_4.17.25	588.0	   0.0880	   0.0880	   0.1760	   0.1760	   0.4520	   0.6849	   0.9000	 *
raw_umber_6_4.17.25	586.0	   0.0880	   0.0880	   0.1740	   0.1739	   0.4547	   0.6902	   0.8999	 *
raw_umber_6_4.17.25	584.0	   0.0870	   0.0870	   0.1720	   0.1719	   0.4614	   0.6887	   0.9000	 *
raw_umber_6_4.17.25	582.0	   0.0860	   0.0860	   0.1690	   0.1690	   0.4694	   0.6900	   0.9000	 *
raw_umber_6_4.17.25	580.0	   0.0850	   0.0850	   0.1670	   0.1670	   0.4762	   0.6884	   0.9001	 *
raw_umber_6_4.17.25	578.0	   0.0840	   0.0839	   0.1640	   0.1640	   0.4849	   0.6895	   0.9000	 *
raw_umber_6_4.17.25	576.0	   0.0830	   0.0831	   0.1610	   0.1610	   0.4929	   0.6917	   0.9000	 *
raw_umber_6_4.17.25	574.0	   0.0820	   0.0820	   0.1580	   0.1580	   0.5022	   0.6922	   0.9001	 *
raw_umber_6_4.17.25	572.0	   0.0800	   0.0800	   0.1550	   0.1550	   0.5158	   0.6864	   0.9000	 *
raw_umber_6_4.17.25	570.0	   0.0790	   0.0790	   0.1520	   0.1519	   0.5254	   0.6876	   0.9000	 *
raw_umber_6_4.17.25	568.0	   0.0780	   0.0780	   0.1480	   0.1480	   0.5370	   0.6907	   0.9000	 *
raw_umber_6_4.17.25	566.0	   0.0760	   0.0760	   0.1450	   0.1450	   0.5519	   0.6841	   0.8999	 *
raw_umber_6_4.17.25	564.0	   0.0750	   0.0750	   0.1410	   0.1410	   0.5645	   0.6875	   0.8999	 *
raw_umber_6_4.17.25	562.0	   0.0740	   0.0740	   0.1380	   0.1380	   0.5756	   0.6879	   0.9000	 *
raw_umber_6_4.17.25	560.0	   0.0720	   0.0720	   0.1340	   0.1339	   0.5952	   0.6827	   0.9000	 *
raw_umber_6_4.17.25	558.0	   0.0710	   0.0709	   0.1300	   0.1300	   0.6095	   0.6853	   0.9001	 *
raw_umber_6_4.17.25	556.0	   0.0690	   0.0690	   0.1270	   0.1271	   0.6278	   0.6766	   0.8999	 *
raw_umber_6_4.17.25	554.0	   0.0680	   0.0680	   0.1230	   0.1230	   0.6435	   0.6797	   0.8999	 *
raw_umber_6_4.17.25	552.0	   0.0670	   0.0670	   0.1190	   0.1190	   0.6594	   0.6825	   0.9000	 *
raw_umber_6_4.17.25	550.0	   0.0650	   0.0650	   0.1160	   0.1160	   0.6815	   0.6710	   0.9001	 *
raw_umber_6_4.17.25	548.0	   0.0640	   0.0640	   0.1120	   0.1120	   0.6994	   0.6736	   0.9001	 *
raw_umber_6_4.17.25	546.0	   0.0630	   0.0630	   0.1080	   0.1079	   0.7182	   0.6756	   0.9000	 *
raw_umber_6_4.17.25	544.0	   0.0610	   0.0610	   0.1050	   0.1051	   0.7433	   0.6627	   0.9000	 *
raw_umber_6_4.17.25	542.0	   0.0600	   0.0600	   0.1010	   0.1010	   0.7643	   0.6639	   0.8999	 *
raw_umber_6_4.17.25	540.0	   0.0590	   0.0589	   0.0980	   0.0980	   0.7837	   0.6613	   0.9002	 *
raw_umber_6_4.17.25	538.0	   0.0580	   0.0580	   0.0950	   0.0950	   0.8023	   0.6600	   0.8999	 *
raw_umber_6_4.17.25	536.0	   0.0570	   0.0570	   0.0920	   0.0920	   0.8238	   0.6565	   0.8999	 *
raw_umber_6_4.17.25	534.0	   0.0560	   0.0561	   0.0890	   0.0890	   0.8440	   0.6547	   0.8999	 *
raw_umber_6_4.17.25	532.0	   0.0560	   0.0560	   0.0870	   0.0870	   0.8525	   0.6600	   0.9001	 *
raw_umber_6_4.17.25	530.0	   0.0550	   0.0549	   0.0840	   0.0840	   0.8758	   0.6565	   0.9000	 *
raw_umber_6_4.17.25	528.0	   0.0540	   0.0540	   0.0810	   0.0811	   0.8994	   0.6531	   0.9000	 *
raw_umber_6_4.17.25	526.0	   0.0530	   0.0529	   0.0790	   0.0790	   0.9216	   0.6447	   0.9002	 *
raw_umber_6_4.17.25	524.0	   0.0530	   0.0530	   0.0760	   0.0759	   0.9343	   0.6566	   0.8999	 *
raw_umber_6_4.17.25	522.0	   0.0520	   0.0520	   0.0740	   0.0740	   0.9560	   0.6489	   0.8999	 *
raw_umber_6_4.17.25	520.0	   0.0510	   0.0511	   0.0710	   0.0710	   0.9847	   0.6437	   0.9000	 *
raw_umber_6_4.17.25	518.0	   0.0510	   0.0509	   0.0690	   0.0690	   0.9964	   0.6496	   0.9000	 *
raw_umber_6_4.17.25	516.0	   0.0500	   0.0500	   0.0670	   0.0670	   1.0212	   0.6418	   0.9000	 *
raw_umber_6_4.17.25	514.0	   0.0500	   0.0500	   0.0650	   0.0650	   1.0327	   0.6481	   0.9000	 *
raw_umber_6_4.17.25	512.0	   0.0490	   0.0490	   0.0620	   0.0620	   1.0663	   0.6419	   0.9001	 *
raw_umber_6_4.17.25	510.0	   0.0490	   0.0490	   0.0600	   0.0599	   1.0783	   0.6511	   0.8998	 *
raw_umber_6_4.17.25	508.0	   0.0480	   0.0480	   0.0580	   0.0580	   1.1091	   0.6386	   0.9003	 *
raw_umber_6_4.17.25	506.0	   0.0480	   0.0479	   0.0560	   0.0560	   1.1224	   0.6467	   0.9001	 *
raw_umber_6_4.17.25	504.0	   0.0470	   0.0470	   0.0540	   0.0540	   1.1554	   0.6352	   0.9001	 *
raw_umber_6_4.17.25	502.0	   0.0470	   0.0470	   0.0520	   0.0521	   1.1680	   0.6446	   0.9004	 *
raw_umber_6_4.17.25	500.0	   0.0470	   0.0470	   0.0510	   0.0510	   1.1753	   0.6502	   0.8999	 *
raw_umber_6_4.17.25	498.0	   0.0460	   0.0460	   0.0490	   0.0490	   1.2119	   0.6375	   0.9000	 *
raw_umber_6_4.17.25	496.0	   0.0460	   0.0460	   0.0470	   0.0470	   1.2281	   0.6452	   0.8999	 *
raw_umber_6_4.17.25	494.0	   0.0460	   0.0460	   0.0450	   0.0450	   1.2456	   0.6539	   0.9003	 *
raw_umber_6_4.17.25	492.0	   0.0450	   0.0450	   0.0440	   0.0441	   1.2765	   0.6361	   0.9002	 *
raw_umber_6_4.17.25	490.0	   0.0450	   0.0449	   0.0420	   0.0420	   1.2967	   0.6451	   0.9004	 *
raw_umber_6_4.17.25	488.0	   0.0450	   0.0450	   0.0410	   0.0411	   1.3038	   0.6509	   0.9000	 *
raw_umber_6_4.17.25	486.0	   0.0450	   0.0450	   0.0390	   0.0390	   1.3241	   0.6621	   0.9000	 *
raw_umber_6_4.17.25	484.0	   0.0440	   0.0440	   0.0380	   0.0380	   1.3594	   0.6426	   0.8997	 *
raw_umber_6_4.17.25	482.0	   0.0440	   0.0441	   0.0370	   0.0370	   1.3693	   0.6483	   0.8999	 *
raw_umber_6_4.17.25	480.0	   0.0440	   0.0440	   0.0360	   0.0361	   1.3808	   0.6525	   0.9001	 *
raw_umber_6_4.17.25	478.0	   0.0440	   0.0439	   0.0350	   0.0350	   1.3953	   0.6563	   0.9002	 *
raw_umber_6_4.17.25	476.0	   0.0440	   0.0440	   0.0340	   0.0340	   1.4042	   0.6652	   0.8999	 *
raw_umber_6_4.17.25	474.0	   0.0440	   0.0440	   0.0330	   0.0330	   1.4170	   0.6686	   0.9003	 *
raw_umber_6_4.17.25	472.0	   0.0440	   0.0439	   0.0320	   0.0320	   1.4309	   0.6742	   0.9001	 *
raw_umber_6_4.17.25	470.0	   0.0440	   0.0440	   0.0310	   0.0310	   1.4427	   0.6805	   0.9004	 *
raw_umber_6_4.17.25	468.0	   0.0440	   0.0439	   0.0300	   0.0300	   1.4564	   0.6869	   0.9001	 *
raw_umber_6_4.17.25	466.0	   0.0440	   0.0439	   0.0290	   0.0290	   1.4695	   0.6932	   0.9006	 *
raw_umber_6_4.17.25	464.0	   0.0430	   0.0430	   0.0290	   0.0290	   1.4979	   0.6664	   0.9002	 *
raw_umber_6_4.17.25	462.0	   0.0430	   0.0431	   0.0280	   0.0280	   1.5109	   0.6750	   0.8999	 *
raw_umber_6_4.17.25	460.0	   0.0430	   0.0430	   0.0270	   0.0270	   1.5285	   0.6793	   0.9000	 *
raw_umber_6_4.17.25	458.0	   0.0430	   0.0430	   0.0260	   0.0259	   1.5439	   0.6875	   0.9000	 *
raw_umber_6_4.17.25	456.0	   0.0430	   0.0430	   0.0250	   0.0251	   1.5575	   0.6940	   0.8998	 *
raw_umber_6_4.17.25	454.0	   0.0430	   0.0430	   0.0240	   0.0240	   1.5771	   0.7016	   0.9004	 *
raw_umber_6_4.17.25	452.0	   0.0430	   0.0430	   0.0230	   0.0230	   1.5913	   0.7103	   0.9001	 *
raw_umber_6_4.17.25	450.0	   0.0430	   0.0430	   0.0220	   0.0220	   1.6093	   0.7193	   0.9000	 *
raw_umber_6_4.17.25	448.0	   0.0430	   0.0430	   0.0210	   0.0211	   1.6303	   0.7252	   0.9004	 *
raw_umber_6_4.17.25	446.0	   0.0420	   0.0420	   0.0200	   0.0199	   1.6881	   0.7018	   0.8998	 *
raw_umber_6_4.17.25	444.0	   0.0420	   0.0420	   0.0190	   0.0190	   1.7088	   0.7098	   0.9005	 *
raw_umber_6_4.17.25	442.0	   0.0420	   0.0419	   0.0170	   0.0170	   1.7555	   0.7288	   0.9003	 *
raw_umber_6_4.17.25	440.0	   0.0420	   0.0420	   0.0160	   0.0160	   1.7821	   0.7407	   0.8999	 *
raw_umber_6_4.17.25	438.0	   0.0420	   0.0420	   0.0150	   0.0150	   1.8053	   0.7541	   0.8998	 *
raw_umber_6_4.17.25	436.0	   0.0420	   0.0419	   0.0140	   0.0140	   1.8357	   0.7629	   0.9002	 *
raw_umber_6_4.17.25	434.0	   0.0410	   0.0410	   0.0130	   0.0129	   1.9090	   0.7413	   0.8995	 *
raw_umber_6_4.17.25	432.0	   0.0410	   0.0411	   0.0120	   0.0120	   1.9392	   0.7557	   0.8995	 *
raw_umber_6_4.17.25	430.0	   0.0410	   0.0410	   0.0110	   0.0110	   1.9795	   0.7692	   0.8998	 *
raw_umber_6_4.17.25	428.0	   0.0410	   0.0410	   0.0100	   0.0101	   2.0176	   0.7816	   0.9004	 *
raw_umber_6_4.17.25	426.0	   0.0410	   0.0410	   0.0090	   0.0090	   2.0686	   0.7989	   0.9001	 *
raw_umber_6_4.17.25	424.0	   0.0400	   0.0400	   0.0090	   0.0090	   2.1147	   0.7534	   0.9004	 *
raw_umber_6_4.17.25	422.0	   0.0400	   0.0399	   0.0080	   0.0080	   2.1699	   0.7693	   0.9005	 *
raw_umber_6_4.17.25	420.0	   0.0400	   0.0400	   0.0070	   0.0070	   2.2205	   0.7959	   0.8998	 *
raw_umber_6_4.17.25	418.0	   0.0400	   0.0400	   0.0070	   0.0070	   2.2205	   0.7959	   0.8998	 *
raw_umber_6_4.17.25	416.0	   0.0400	   0.0400	   0.0070	   0.0070	   2.2205	   0.7959	   0.8998	 *
raw_umber_6_4.17.25	414.0	   0.0400	   0.0400	   0.0060	   0.0061	   2.2851	   0.8165	   0.9002	 *
raw_umber_6_4.17.25	412.0	   0.0390	   0.0389	   0.0060	   0.0060	   2.3561	   0.7616	   0.9007	 *
raw_umber_6_4.17.25	410.0	   0.0390	   0.0390	   0.0050	   0.0049	   2.4362	   0.7956	   0.8996	 *
raw_umber_6_4.17.25	408.0	   0.0390	   0.0390	   0.0050	   0.0049	   2.4362	   0.7956	   0.8996	 *
raw_umber_6_4.17.25	406.0	   0.0390	   0.0390	   0.0050	   0.0049	   2.4362	   0.7956	   0.8996	 *
raw_umber_6_4.17.25	404.0	   0.0390	   0.0391	   0.0040	   0.0040	   2.5260	   0.8298	   0.8995	 *
raw_umber_6_4.17.25	402.0	   0.0390	   0.0391	   0.0040	   0.0040	   2.5260	   0.8298	   0.8995	 *
raw_umber_6_4.17.25	400.0	   0.0390	   0.0391	   0.0040	   0.0040	   2.5260	   0.8298	   0.8995	 *
